Record Length	2500	Points	0,000294	0,04		Record Length	2500	Points	0,000294	1,28	
Sample Interval	2e-007	s	0,0002942	0,04		Sample Interval	2e-007	s	0,0002942	1,28	
Trigger Point	-1469,999971	Samples	0,0002944	0,04		Trigger Point	-1469,999971	Samples	0,0002944	1,28	
			0,0002946	0					0,0002946	1,28	
			0,0002948	0					0,0002948	1,28	
			0,000295	0,04					0,000295	1,28	
Source	CH1		0,0002952	0		Source	CH2		0,0002952	1,28	
Vertical Units	Volts		0,0002954	0		Vertical Units	Volts		0,0002954	1,28	
Vertical Scale	1.000000		0,0002956	0		Vertical Scale	1.000000		0,0002956	1,28	
Vertical Offset	0		0,0002958	0		Vertical Offset	0		0,0002958	1,28	
Horizontal Units	s		0,000296	0		Horizontal Units	s		0,000296	1,28	
Horizontal Scale	50.00000058E-6		0,0002962	0		Horizontal Scale	50.00000058E-6		0,0002962	1,28	
Pt Fmt	Y		0,0002964	0		Pt Fmt	Y		0,0002964	1,28	
Yzero	-120.0000000E-3		0,0002966	0		Yzero	-1.2400000		0,0002966	1,28	
Probe Atten	1,000000		0,0002968	0		Probe Atten	1,000000		0,0002968	1,28	
			0,000297	0					0,000297	1,28	
Note	TDS 1001B - 17:40:21   8/4/2026		0,0002972	0		Note	TDS 1001B - 17:40:21   8/4/2026		0,0002972	1,28	
			0,0002974	0					0,0002974	1,28	
			0,0002976	0					0,0002976	1,28	
			0,0002978	0					0,0002978	1,28	
			0,000298	0,04					0,000298	1,28	
			0,0002982	0					0,0002982	1,28	
			0,0002984	0					0,0002984	1,28	
			0,0002986	0					0,0002986	1,28	
			0,0002988	0					0,0002988	1,28	
			0,000299	0					0,000299	1,28	
			0,0002992	0					0,0002992	1,28	
			0,0002994	0					0,0002994	1,28	
			0,0002996	0					0,0002996	1,28	
			0,0002998	0					0,0002998	1,28	
			0,0003	0					0,0003	1,28	
			0,0003002	0					0,0003002	1,28	
			0,0003004	0					0,0003004	1,28	
			0,0003006	0					0,0003006	1,28	
			0,0003008	0					0,0003008	1,28	
			0,000301	0					0,000301	1,28	
			0,0003012	0					0,0003012	1,28	
			0,0003014	0					0,0003014	1,28	
			0,0003016	0					0,0003016	1,28	
			0,0003018	0					0,0003018	1,28	
			0,000302	0,04					0,000302	1,28	
			0,0003022	0					0,0003022	1,28	
			0,0003024	0					0,0003024	1,28	
			0,0003026	0					0,0003026	1,28	
			0,0003028	0					0,0003028	1,28	
			0,000303	0					0,000303	1,28	
			0,0003032	0					0,0003032	1,28	
			0,0003034	0					0,0003034	1,28	
			0,0003036	0					0,0003036	1,28	
			0,0003038	0,04					0,0003038	1,28	
			0,000304	0					0,000304	1,28	
			0,0003042	0					0,0003042	1,28	
			0,0003044	0					0,0003044	1,28	
			0,0003046	0,04					0,0003046	1,28	
			0,0003048	0,04					0,0003048	1,28	
			0,000305	0					0,000305	1,28	
			0,0003052	0					0,0003052	1,28	
			0,0003054	0					0,0003054	1,28	
			0,0003056	0					0,0003056	1,28	
			0,0003058	0					0,0003058	1,28	
			0,000306	0,04					0,000306	1,28	
			0,0003062	0					0,0003062	1,28	
			0,0003064	0					0,0003064	1,28	
			0,0003066	0,04					0,0003066	1,28	
			0,0003068	0					0,0003068	1,28	
			0,000307	0,04					0,000307	1,28	
			0,0003072	0,04					0,0003072	1,28	
			0,0003074	0					0,0003074	1,28	
			0,0003076	0,04					0,0003076	1,28	
			0,0003078	0					0,0003078	1,28	
			0,000308	0					0,000308	1,28	
			0,0003082	0					0,0003082	1,28	
			0,0003084	0					0,0003084	1,28	
			0,0003086	0					0,0003086	1,28	
			0,0003088	0					0,0003088	1,28	
			0,000309	0					0,000309	1,28	
			0,0003092	0					0,0003092	1,28	
			0,0003094	0					0,0003094	1,28	
			0,0003096	0,04					0,0003096	1,28	
			0,0003098	0					0,0003098	1,28	
			0,00031	0					0,00031	1,28	
			0,0003102	0					0,0003102	1,28	
			0,0003104	0					0,0003104	1,28	
			0,0003106	0					0,0003106	1,28	
			0,0003108	0					0,0003108	1,28	
			0,000311	0					0,000311	1,28	
			0,0003112	0					0,0003112	1,28	
			0,0003114	0					0,0003114	1,28	
			0,0003116	0					0,0003116	1,28	
			0,0003118	0					0,0003118	1,28	
			0,000312	0					0,000312	1,28	
			0,0003122	0					0,0003122	1,28	
			0,0003124	0					0,0003124	1,28	
			0,0003126	0					0,0003126	1,28	
			0,0003128	0					0,0003128	1,28	
			0,000313	0,04					0,000313	1,28	
			0,0003132	0					0,0003132	1,28	
			0,0003134	0					0,0003134	1,28	
			0,0003136	0					0,0003136	1,28	
			0,0003138	0					0,0003138	1,28	
			0,000314	0					0,000314	1,28	
			0,0003142	0					0,0003142	1,28	
			0,0003144	0					0,0003144	1,28	
			0,0003146	0					0,0003146	1,28	
			0,0003148	0					0,0003148	1,28	
			0,000315	0					0,000315	1,28	
			0,0003152	0					0,0003152	1,28	
			0,0003154	0					0,0003154	1,28	
			0,0003156	0					0,0003156	1,28	
			0,0003158	0					0,0003158	1,28	
			0,000316	0					0,000316	1,28	
			0,0003162	0					0,0003162	1,28	
			0,0003164	0					0,0003164	1,28	
			0,0003166	0					0,0003166	1,28	
			0,0003168	0					0,0003168	1,28	
			0,000317	0					0,000317	1,28	
			0,0003172	0					0,0003172	1,28	
			0,0003174	0					0,0003174	1,28	
			0,0003176	0					0,0003176	1,28	
			0,0003178	0					0,0003178	1,28	
			0,000318	0					0,000318	1,28	
			0,0003182	0					0,0003182	1,28	
			0,0003184	0					0,0003184	1,28	
			0,0003186	0					0,0003186	1,28	
			0,0003188	0					0,0003188	1,28	
			0,000319	0					0,000319	1,28	
			0,0003192	0,04					0,0003192	1,28	
			0,0003194	0					0,0003194	1,28	
			0,0003196	0,04					0,0003196	1,28	
			0,0003198	0					0,0003198	1,28	
			0,00032	0					0,00032	1,28	
			0,0003202	0					0,0003202	1,28	
			0,0003204	0					0,0003204	1,28	
			0,0003206	0					0,0003206	1,28	
			0,0003208	0					0,0003208	1,28	
			0,000321	0,04					0,000321	1,28	
			0,0003212	0					0,0003212	1,28	
			0,0003214	0					0,0003214	1,28	
			0,0003216	0,04					0,0003216	1,28	
			0,0003218	0					0,0003218	1,28	
			0,000322	0,04					0,000322	1,28	
			0,0003222	0,04					0,0003222	1,28	
			0,0003224	0					0,0003224	1,28	
			0,0003226	0					0,0003226	1,28	
			0,0003228	0					0,0003228	1,28	
			0,000323	0					0,000323	1,28	
			0,0003232	0,04					0,0003232	1,28	
			0,0003234	0,04					0,0003234	1,28	
			0,0003236	0,04					0,0003236	1,28	
			0,0003238	0					0,0003238	1,28	
			0,000324	0					0,000324	1,28	
			0,0003242	0,04					0,0003242	1,24	
			0,0003244	0,04					0,0003244	1,28	
			0,0003246	0,04					0,0003246	1,24	
			0,0003248	0,04					0,0003248	1,24	
			0,000325	0,04					0,000325	1,28	
			0,0003252	0,04					0,0003252	1,28	
			0,0003254	0,04					0,0003254	1,28	
			0,0003256	0					0,0003256	1,28	
			0,0003258	0					0,0003258	1,28	
			0,000326	0,04					0,000326	1,28	
			0,0003262	0,04					0,0003262	1,28	
			0,0003264	0					0,0003264	1,28	
			0,0003266	0,04					0,0003266	1,28	
			0,0003268	0					0,0003268	1,28	
			0,000327	0					0,000327	1,28	
			0,0003272	0,04					0,0003272	1,28	
			0,0003274	0,04					0,0003274	1,24	
			0,0003276	0,04					0,0003276	1,28	
			0,0003278	0,04					0,0003278	1,28	
			0,000328	0,04					0,000328	1,28	
			0,0003282	0,04					0,0003282	1,24	
			0,0003284	0,04					0,0003284	1,24	
			0,0003286	0,04					0,0003286	1,28	
			0,0003288	0,04					0,0003288	1,24	
			0,000329	0,04					0,000329	1,28	
			0,0003292	0					0,0003292	1,28	
			0,0003294	0,04					0,0003294	1,28	
			0,0003296	0					0,0003296	1,28	
			0,0003298	0					0,0003298	1,28	
			0,00033	0					0,00033	1,28	
			0,0003302	0					0,0003302	1,28	
			0,0003304	0,04					0,0003304	1,28	
			0,0003306	0					0,0003306	1,28	
			0,0003308	0,04					0,0003308	1,28	
			0,000331	0,04					0,000331	1,28	
			0,0003312	0,04					0,0003312	1,28	
			0,0003314	0,04					0,0003314	1,24	
			0,0003316	0,04					0,0003316	1,28	
			0,0003318	0,04					0,0003318	1,28	
			0,000332	0					0,000332	1,28	
			0,0003322	0,04					0,0003322	1,24	
			0,0003324	0					0,0003324	1,28	
			0,0003326	0,04					0,0003326	1,28	
			0,0003328	0					0,0003328	1,28	
			0,000333	0,04					0,000333	1,28	
			0,0003332	0					0,0003332	1,28	
			0,0003334	0					0,0003334	1,28	
			0,0003336	0					0,0003336	1,28	
			0,0003338	0					0,0003338	1,28	
			0,000334	0					0,000334	1,28	
			0,0003342	0					0,0003342	1,28	
			0,0003344	0					0,0003344	1,28	
			0,0003346	0					0,0003346	1,28	
			0,0003348	0					0,0003348	1,28	
			0,000335	0,04					0,000335	1,28	
			0,0003352	0					0,0003352	1,28	
			0,0003354	0,04					0,0003354	1,28	
			0,0003356	0,04					0,0003356	1,28	
			0,0003358	0					0,0003358	1,28	
			0,000336	0					0,000336	1,28	
			0,0003362	0,04					0,0003362	1,28	
			0,0003364	0,04					0,0003364	1,28	
			0,0003366	0					0,0003366	1,28	
			0,0003368	0					0,0003368	1,28	
			0,000337	0					0,000337	1,28	
			0,0003372	0					0,0003372	1,28	
			0,0003374	0					0,0003374	1,28	
			0,0003376	0					0,0003376	1,28	
			0,0003378	0					0,0003378	1,28	
			0,000338	0					0,000338	1,28	
			0,0003382	0					0,0003382	1,28	
			0,0003384	0					0,0003384	1,28	
			0,0003386	0					0,0003386	1,28	
			0,0003388	0					0,0003388	1,28	
			0,000339	0,04					0,000339	1,28	
			0,0003392	0					0,0003392	1,28	
			0,0003394	0					0,0003394	1,28	
			0,0003396	0					0,0003396	1,28	
			0,0003398	0					0,0003398	1,28	
			0,00034	0					0,00034	1,28	
			0,0003402	0,04					0,0003402	1,28	
			0,0003404	0					0,0003404	1,28	
			0,0003406	0,04					0,0003406	1,28	
			0,0003408	0					0,0003408	1,24	
			0,000341	0,04					0,000341	1,28	
			0,0003412	0					0,0003412	1,28	
			0,0003414	0					0,0003414	1,28	
			0,0003416	0,04					0,0003416	1,28	
			0,0003418	0,04					0,0003418	1,28	
			0,000342	0					0,000342	1,28	
			0,0003422	0,04					0,0003422	1,28	
			0,0003424	0					0,0003424	1,28	
			0,0003426	0,04					0,0003426	1,28	
			0,0003428	0,04					0,0003428	1,28	
			0,000343	0,04					0,000343	1,28	
			0,0003432	0,04					0,0003432	1,28	
			0,0003434	0					0,0003434	1,28	
			0,0003436	0,04					0,0003436	1,28	
			0,0003438	0					0,0003438	1,28	
			0,000344	0,04					0,000344	1,24	
			0,0003442	0,04					0,0003442	1,24	
			0,0003444	0,04					0,0003444	1,28	
			0,0003446	0,04					0,0003446	1,24	
			0,0003448	0,04					0,0003448	1,28	
			0,000345	0,04					0,000345	1,28	
			0,0003452	0					0,0003452	1,28	
			0,0003454	0					0,0003454	1,24	
			0,0003456	0,04					0,0003456	1,28	
			0,0003458	0,04					0,0003458	1,28	
			0,000346	0,04					0,000346	1,28	
			0,0003462	0,04					0,0003462	1,28	
			0,0003464	0					0,0003464	1,28	
			0,0003466	0					0,0003466	1,28	
			0,0003468	0					0,0003468	1,28	
			0,000347	0,04					0,000347	1,28	
			0,0003472	0,04					0,0003472	1,28	
			0,0003474	0					0,0003474	1,24	
			0,0003476	0					0,0003476	1,24	
			0,0003478	0,04					0,0003478	1,28	
			0,000348	0,04					0,000348	1,28	
			0,0003482	0,04					0,0003482	1,28	
			0,0003484	0,04					0,0003484	1,28	
			0,0003486	0,04					0,0003486	1,28	
			0,0003488	0					0,0003488	1,28	
			0,000349	0					0,000349	1,28	
			0,0003492	0					0,0003492	1,28	
			0,0003494	0					0,0003494	1,28	
			0,0003496	0,04					0,0003496	1,28	
			0,0003498	0,04					0,0003498	1,28	
			0,00035	0					0,00035	1,28	
			0,0003502	0					0,0003502	1,28	
			0,0003504	0					0,0003504	1,28	
			0,0003506	0					0,0003506	1,28	
			0,0003508	0					0,0003508	1,28	
			0,000351	0,04					0,000351	1,28	
			0,0003512	0,04					0,0003512	1,28	
			0,0003514	0					0,0003514	1,28	
			0,0003516	0					0,0003516	1,28	
			0,0003518	0,04					0,0003518	1,28	
			0,000352	0					0,000352	1,28	
			0,0003522	0					0,0003522	1,28	
			0,0003524	0					0,0003524	1,28	
			0,0003526	0					0,0003526	1,28	
			0,0003528	0					0,0003528	1,28	
			0,000353	0					0,000353	1,28	
			0,0003532	0					0,0003532	1,28	
			0,0003534	0					0,0003534	1,28	
			0,0003536	0					0,0003536	1,28	
			0,0003538	0					0,0003538	1,28	
			0,000354	0					0,000354	1,28	
			0,0003542	0					0,0003542	1,28	
			0,0003544	0					0,0003544	1,28	
			0,0003546	0					0,0003546	1,28	
			0,0003548	0					0,0003548	1,28	
			0,000355	0					0,000355	1,28	
			0,0003552	0					0,0003552	1,28	
			0,0003554	0					0,0003554	1,28	
			0,0003556	0					0,0003556	1,28	
			0,0003558	0					0,0003558	1,28	
			0,000356	0					0,000356	1,28	
			0,0003562	0					0,0003562	1,28	
			0,0003564	0					0,0003564	1,28	
			0,0003566	0					0,0003566	1,28	
			0,0003568	0					0,0003568	1,28	
			0,000357	0					0,000357	1,28	
			0,0003572	0					0,0003572	1,28	
			0,0003574	0					0,0003574	1,28	
			0,0003576	0					0,0003576	1,28	
			0,0003578	0					0,0003578	1,28	
			0,000358	0					0,000358	1,28	
			0,0003582	0					0,0003582	1,28	
			0,0003584	0					0,0003584	1,28	
			0,0003586	0					0,0003586	1,28	
			0,0003588	0,04					0,0003588	1,28	
			0,000359	0					0,000359	1,28	
			0,0003592	0					0,0003592	1,28	
			0,0003594	0					0,0003594	1,28	
			0,0003596	0					0,0003596	1,28	
			0,0003598	0					0,0003598	1,28	
			0,00036	0					0,00036	1,28	
			0,0003602	0					0,0003602	1,28	
			0,0003604	0					0,0003604	1,28	
			0,0003606	0,04					0,0003606	1,28	
			0,0003608	0					0,0003608	1,28	
			0,000361	0					0,000361	1,28	
			0,0003612	0					0,0003612	1,28	
			0,0003614	0					0,0003614	1,28	
			0,0003616	0					0,0003616	1,28	
			0,0003618	0					0,0003618	1,28	
			0,000362	0,04					0,000362	1,28	
			0,0003622	0					0,0003622	1,28	
			0,0003624	0,04					0,0003624	1,28	
			0,0003626	0,04					0,0003626	1,28	
			0,0003628	0,04					0,0003628	1,28	
			0,000363	0,04					0,000363	1,28	
			0,0003632	0,04					0,0003632	1,28	
			0,0003634	0					0,0003634	1,28	
			0,0003636	0					0,0003636	1,28	
			0,0003638	0					0,0003638	1,28	
			0,000364	0,04					0,000364	1,28	
			0,0003642	0					0,0003642	1,28	
			0,0003644	0,04					0,0003644	1,28	
			0,0003646	0,04					0,0003646	1,28	
			0,0003648	0,04					0,0003648	1,28	
			0,000365	0					0,000365	1,28	
			0,0003652	0					0,0003652	1,28	
			0,0003654	0,04					0,0003654	1,28	
			0,0003656	0,04					0,0003656	1,28	
			0,0003658	0					0,0003658	1,28	
			0,000366	0					0,000366	1,28	
			0,0003662	0,04					0,0003662	1,28	
			0,0003664	0,04					0,0003664	1,28	
			0,0003666	0,04					0,0003666	1,28	
			0,0003668	0,04					0,0003668	1,28	
			0,000367	0,04					0,000367	1,28	
			0,0003672	0,04					0,0003672	1,28	
			0,0003674	0					0,0003674	1,28	
			0,0003676	0					0,0003676	1,28	
			0,0003678	0					0,0003678	1,28	
			0,000368	0					0,000368	1,28	
			0,0003682	0					0,0003682	1,28	
			0,0003684	0					0,0003684	1,28	
			0,0003686	0					0,0003686	1,28	
			0,0003688	0					0,0003688	1,28	
			0,000369	0					0,000369	1,28	
			0,0003692	0					0,0003692	1,28	
			0,0003694	0					0,0003694	1,28	
			0,0003696	0					0,0003696	1,28	
			0,0003698	0,04					0,0003698	1,28	
			0,00037	0,04					0,00037	1,28	
			0,0003702	0					0,0003702	1,28	
			0,0003704	0					0,0003704	1,28	
			0,0003706	0,04					0,0003706	1,28	
			0,0003708	0					0,0003708	1,28	
			0,000371	0					0,000371	1,28	
			0,0003712	0					0,0003712	1,28	
			0,0003714	0					0,0003714	1,28	
			0,0003716	0					0,0003716	1,28	
			0,0003718	0					0,0003718	1,28	
			0,000372	0,04					0,000372	1,28	
			0,0003722	0					0,0003722	1,28	
			0,0003724	0					0,0003724	1,28	
			0,0003726	0					0,0003726	1,28	
			0,0003728	0					0,0003728	1,28	
			0,000373	0					0,000373	1,28	
			0,0003732	0					0,0003732	1,28	
			0,0003734	0					0,0003734	1,28	
			0,0003736	0,04					0,0003736	1,28	
			0,0003738	0					0,0003738	1,28	
			0,000374	0					0,000374	1,28	
			0,0003742	0					0,0003742	1,28	
			0,0003744	0					0,0003744	1,28	
			0,0003746	0,04					0,0003746	1,28	
			0,0003748	0,04					0,0003748	1,28	
			0,000375	0					0,000375	1,28	
			0,0003752	0					0,0003752	1,28	
			0,0003754	0					0,0003754	1,28	
			0,0003756	0					0,0003756	1,28	
			0,0003758	0					0,0003758	1,28	
			0,000376	0					0,000376	1,28	
			0,0003762	0					0,0003762	1,28	
			0,0003764	0					0,0003764	1,28	
			0,0003766	0					0,0003766	1,28	
			0,0003768	0					0,0003768	1,28	
			0,000377	0					0,000377	1,28	
			0,0003772	0,04					0,0003772	1,28	
			0,0003774	0,04					0,0003774	1,28	
			0,0003776	0					0,0003776	1,28	
			0,0003778	0,04					0,0003778	1,28	
			0,000378	0,04					0,000378	1,28	
			0,0003782	0,04					0,0003782	1,28	
			0,0003784	0					0,0003784	1,28	
			0,0003786	0,04					0,0003786	1,28	
			0,0003788	0,04					0,0003788	1,28	
			0,000379	0,04					0,000379	1,28	
			0,0003792	0,04					0,0003792	1,28	
			0,0003794	0,04					0,0003794	1,28	
			0,0003796	0					0,0003796	1,28	
			0,0003798	0,04					0,0003798	1,24	
			0,00038	0					0,00038	1,28	
			0,0003802	0,04					0,0003802	1,28	
			0,0003804	0,04					0,0003804	1,28	
			0,0003806	0					0,0003806	1,28	
			0,0003808	0,04					0,0003808	1,28	
			0,000381	0,04					0,000381	1,28	
			0,0003812	0,04					0,0003812	1,28	
			0,0003814	0,04					0,0003814	1,28	
			0,0003816	0,04					0,0003816	1,28	
			0,0003818	0,04					0,0003818	1,28	
			0,000382	0					0,000382	1,28	
			0,0003822	0,04					0,0003822	1,24	
			0,0003824	0,04					0,0003824	1,24	
			0,0003826	0,04					0,0003826	1,24	
			0,0003828	0,04					0,0003828	1,24	
			0,000383	0,04					0,000383	1,24	
			0,0003832	0,04					0,0003832	1,28	
			0,0003834	0,04					0,0003834	1,24	
			0,0003836	0,04					0,0003836	1,24	
			0,0003838	0,04					0,0003838	1,24	
			0,000384	0,04					0,000384	1,28	
			0,0003842	0,04					0,0003842	1,28	
			0,0003844	0,04					0,0003844	1,28	
			0,0003846	0,04					0,0003846	1,28	
			0,0003848	0,04					0,0003848	1,28	
			0,000385	0,04					0,000385	1,28	
			0,0003852	0,04					0,0003852	1,28	
			0,0003854	0,04					0,0003854	1,28	
			0,0003856	0					0,0003856	1,24	
			0,0003858	0,04					0,0003858	1,28	
			0,000386	0,04					0,000386	1,24	
			0,0003862	0,04					0,0003862	1,28	
			0,0003864	0,04					0,0003864	1,28	
			0,0003866	0,04					0,0003866	1,28	
			0,0003868	0,04					0,0003868	1,24	
			0,000387	0,04					0,000387	1,28	
			0,0003872	0,04					0,0003872	1,28	
			0,0003874	0,04					0,0003874	1,28	
			0,0003876	0,04					0,0003876	1,28	
			0,0003878	0,04					0,0003878	1,28	
			0,000388	0,04					0,000388	1,28	
			0,0003882	0,04					0,0003882	1,28	
			0,0003884	0,04					0,0003884	1,28	
			0,0003886	0					0,0003886	1,28	
			0,0003888	0					0,0003888	1,28	
			0,000389	0					0,000389	1,28	
			0,0003892	0,04					0,0003892	1,28	
			0,0003894	0					0,0003894	1,28	
			0,0003896	0					0,0003896	1,28	
			0,0003898	0					0,0003898	1,28	
			0,00039	0					0,00039	1,28	
			0,0003902	0					0,0003902	1,28	
			0,0003904	0,04					0,0003904	1,28	
			0,0003906	0					0,0003906	1,28	
			0,0003908	0,04					0,0003908	1,28	
			0,000391	0					0,000391	1,28	
			0,0003912	0,04					0,0003912	1,28	
			0,0003914	0,04					0,0003914	1,28	
			0,0003916	0,04					0,0003916	1,28	
			0,0003918	0,04					0,0003918	1,28	
			0,000392	0,04					0,000392	1,28	
			0,0003922	0,04					0,0003922	1,28	
			0,0003924	0,04					0,0003924	1,28	
			0,0003926	0					0,0003926	1,28	
			0,0003928	0					0,0003928	1,28	
			0,000393	0					0,000393	1,28	
			0,0003932	0					0,0003932	1,28	
			0,0003934	0,04					0,0003934	1,28	
			0,0003936	0					0,0003936	1,28	
			0,0003938	0					0,0003938	1,28	
			0,000394	0,04					0,000394	1,28	
			0,0003942	0					0,0003942	1,28	
			0,0003944	0,04					0,0003944	1,28	
			0,0003946	0,04					0,0003946	1,28	
			0,0003948	0,04					0,0003948	1,28	
			0,000395	0,04					0,000395	1,28	
			0,0003952	0					0,0003952	1,28	
			0,0003954	0					0,0003954	1,28	
			0,0003956	0,04					0,0003956	1,28	
			0,0003958	0					0,0003958	1,28	
			0,000396	0					0,000396	1,28	
			0,0003962	0					0,0003962	1,28	
			0,0003964	0					0,0003964	1,28	
			0,0003966	0,04					0,0003966	1,28	
			0,0003968	0,04					0,0003968	1,28	
			0,000397	0,04					0,000397	1,28	
			0,0003972	0,04					0,0003972	1,24	
			0,0003974	0,04					0,0003974	1,24	
			0,0003976	0,04					0,0003976	1,28	
			0,0003978	0,04					0,0003978	1,28	
			0,000398	0,04					0,000398	1,24	
			0,0003982	0					0,0003982	1,28	
			0,0003984	0,04					0,0003984	1,28	
			0,0003986	0					0,0003986	1,28	
			0,0003988	0,04					0,0003988	1,28	
			0,000399	0,04					0,000399	1,28	
			0,0003992	0,04					0,0003992	1,28	
			0,0003994	0,04					0,0003994	1,28	
			0,0003996	0,04					0,0003996	1,28	
			0,0003998	0,04					0,0003998	1,28	
			0,0004	0,04					0,0004	1,24	
			0,0004002	0,04					0,0004002	1,24	
			0,0004004	0					0,0004004	1,28	
			0,0004006	0,04					0,0004006	1,24	
			0,0004008	0,04					0,0004008	1,24	
			0,000401	0,04					0,000401	1,24	
			0,0004012	0,04					0,0004012	1,28	
			0,0004014	0,04					0,0004014	1,24	
			0,0004016	0,04					0,0004016	1,28	
			0,0004018	0					0,0004018	1,28	
			0,000402	0,04					0,000402	1,28	
			0,0004022	0,04					0,0004022	1,28	
			0,0004024	0					0,0004024	1,28	
			0,0004026	0,04					0,0004026	1,28	
			0,0004028	0,04					0,0004028	1,28	
			0,000403	0,04					0,000403	1,28	
			0,0004032	0					0,0004032	1,28	
			0,0004034	0,04					0,0004034	1,24	
			0,0004036	0,04					0,0004036	1,28	
			0,0004038	0					0,0004038	1,28	
			0,000404	0,04					0,000404	1,24	
			0,0004042	0,04					0,0004042	1,28	
			0,0004044	0,04					0,0004044	1,28	
			0,0004046	0,04					0,0004046	1,28	
			0,0004048	0,04					0,0004048	1,24	
			0,000405	0,04					0,000405	1,28	
			0,0004052	0,04					0,0004052	1,24	
			0,0004054	0,04					0,0004054	1,24	
			0,0004056	0,04					0,0004056	1,24	
			0,0004058	0					0,0004058	1,28	
			0,000406	0					0,000406	1,28	
			0,0004062	0					0,0004062	1,28	
			0,0004064	0					0,0004064	1,28	
			0,0004066	0					0,0004066	1,28	
			0,0004068	0,04					0,0004068	1,28	
			0,000407	0					0,000407	1,28	
			0,0004072	0					0,0004072	1,28	
			0,0004074	0					0,0004074	1,28	
			0,0004076	0,04					0,0004076	1,28	
			0,0004078	0					0,0004078	1,28	
			0,000408	0,04					0,000408	1,28	
			0,0004082	0,04					0,0004082	1,28	
			0,0004084	0					0,0004084	1,28	
			0,0004086	0					0,0004086	1,28	
			0,0004088	0,04					0,0004088	1,28	
			0,000409	0					0,000409	1,28	
			0,0004092	0,04					0,0004092	1,28	
			0,0004094	0					0,0004094	1,28	
			0,0004096	0					0,0004096	1,28	
			0,0004098	0					0,0004098	1,28	
			0,00041	0					0,00041	1,28	
			0,0004102	0					0,0004102	1,28	
			0,0004104	0					0,0004104	1,28	
			0,0004106	0					0,0004106	1,28	
			0,0004108	0					0,0004108	1,28	
			0,000411	0					0,000411	1,28	
			0,0004112	0					0,0004112	1,28	
			0,0004114	0					0,0004114	1,28	
			0,0004116	0					0,0004116	1,28	
			0,0004118	0					0,0004118	1,28	
			0,000412	0					0,000412	1,28	
			0,0004122	0,04					0,0004122	1,28	
			0,0004124	0					0,0004124	1,28	
			0,0004126	0					0,0004126	1,28	
			0,0004128	0					0,0004128	1,28	
			0,000413	0					0,000413	1,28	
			0,0004132	0					0,0004132	1,28	
			0,0004134	0					0,0004134	1,28	
			0,0004136	0					0,0004136	1,28	
			0,0004138	0					0,0004138	1,28	
			0,000414	0					0,000414	1,28	
			0,0004142	0					0,0004142	1,28	
			0,0004144	0					0,0004144	1,28	
			0,0004146	0					0,0004146	1,28	
			0,0004148	0					0,0004148	1,28	
			0,000415	0					0,000415	1,28	
			0,0004152	0,04					0,0004152	1,28	
			0,0004154	0,04					0,0004154	1,28	
			0,0004156	0,04					0,0004156	1,28	
			0,0004158	0					0,0004158	1,28	
			0,000416	0					0,000416	1,28	
			0,0004162	0					0,0004162	1,28	
			0,0004164	0					0,0004164	1,28	
			0,0004166	0					0,0004166	1,28	
			0,0004168	0,04					0,0004168	1,28	
			0,000417	0,04					0,000417	1,28	
			0,0004172	0,04					0,0004172	1,28	
			0,0004174	0,04					0,0004174	1,28	
			0,0004176	0,04					0,0004176	1,28	
			0,0004178	0,04					0,0004178	1,28	
			0,000418	0					0,000418	1,28	
			0,0004182	0,04					0,0004182	1,28	
			0,0004184	0					0,0004184	1,28	
			0,0004186	0,04					0,0004186	1,28	
			0,0004188	0					0,0004188	1,28	
			0,000419	0					0,000419	1,28	
			0,0004192	0					0,0004192	1,28	
			0,0004194	0,04					0,0004194	1,24	
			0,0004196	0,04					0,0004196	1,28	
			0,0004198	0,04					0,0004198	1,24	
			0,00042	0,04					0,00042	1,28	
			0,0004202	0,04					0,0004202	1,28	
			0,0004204	0,04					0,0004204	1,28	
			0,0004206	0,04					0,0004206	1,28	
			0,0004208	0,04					0,0004208	1,28	
			0,000421	0,04					0,000421	1,28	
			0,0004212	0					0,0004212	1,28	
			0,0004214	0					0,0004214	1,28	
			0,0004216	0					0,0004216	1,28	
			0,0004218	0					0,0004218	1,28	
			0,000422	0					0,000422	1,28	
			0,0004222	0,04					0,0004222	1,28	
			0,0004224	0,04					0,0004224	1,28	
			0,0004226	0,04					0,0004226	1,28	
			0,0004228	0					0,0004228	1,28	
			0,000423	0					0,000423	1,28	
			0,0004232	0,04					0,0004232	1,28	
			0,0004234	0,04					0,0004234	1,24	
			0,0004236	0,04					0,0004236	1,28	
			0,0004238	0,04					0,0004238	1,28	
			0,000424	0,04					0,000424	1,28	
			0,0004242	0,04					0,0004242	1,28	
			0,0004244	0					0,0004244	1,28	
			0,0004246	0					0,0004246	1,28	
			0,0004248	0					0,0004248	1,28	
			0,000425	0					0,000425	1,28	
			0,0004252	0					0,0004252	1,28	
			0,0004254	0					0,0004254	1,28	
			0,0004256	0					0,0004256	1,28	
			0,0004258	0,04					0,0004258	1,28	
			0,000426	0					0,000426	1,28	
			0,0004262	0					0,0004262	1,28	
			0,0004264	0,04					0,0004264	1,28	
			0,0004266	0					0,0004266	1,28	
			0,0004268	0,04					0,0004268	1,28	
			0,000427	0					0,000427	1,28	
			0,0004272	0					0,0004272	1,28	
			0,0004274	0					0,0004274	1,28	
			0,0004276	0					0,0004276	1,28	
			0,0004278	0,04					0,0004278	1,28	
			0,000428	0					0,000428	1,28	
			0,0004282	0					0,0004282	1,28	
			0,0004284	0					0,0004284	1,28	
			0,0004286	0					0,0004286	1,28	
			0,0004288	0					0,0004288	1,28	
			0,000429	0					0,000429	1,28	
			0,0004292	0					0,0004292	1,28	
			0,0004294	0					0,0004294	1,28	
			0,0004296	0					0,0004296	1,28	
			0,0004298	0,04					0,0004298	1,28	
			0,00043	0,04					0,00043	1,28	
			0,0004302	0					0,0004302	1,28	
			0,0004304	0					0,0004304	1,28	
			0,0004306	0					0,0004306	1,28	
			0,0004308	0					0,0004308	1,28	
			0,000431	0					0,000431	1,28	
			0,0004312	0					0,0004312	1,28	
			0,0004314	0,04					0,0004314	1,28	
			0,0004316	0					0,0004316	1,28	
			0,0004318	0					0,0004318	1,28	
			0,000432	0,04					0,000432	1,28	
			0,0004322	0					0,0004322	1,28	
			0,0004324	0					0,0004324	1,28	
			0,0004326	0					0,0004326	1,28	
			0,0004328	0					0,0004328	1,28	
			0,000433	0,04					0,000433	1,28	
			0,0004332	0					0,0004332	1,28	
			0,0004334	0					0,0004334	1,28	
			0,0004336	0,04					0,0004336	1,28	
			0,0004338	0					0,0004338	1,28	
			0,000434	0					0,000434	1,28	
			0,0004342	0					0,0004342	1,28	
			0,0004344	0,04					0,0004344	1,28	
			0,0004346	0					0,0004346	1,28	
			0,0004348	0					0,0004348	1,28	
			0,000435	0,04					0,000435	1,28	
			0,0004352	0,04					0,0004352	1,28	
			0,0004354	0,04					0,0004354	1,28	
			0,0004356	0,04					0,0004356	1,28	
			0,0004358	0					0,0004358	1,24	
			0,000436	0,04					0,000436	1,28	
			0,0004362	0					0,0004362	1,28	
			0,0004364	0					0,0004364	1,28	
			0,0004366	0,04					0,0004366	1,28	
			0,0004368	0,04					0,0004368	1,24	
			0,000437	0,04					0,000437	1,28	
			0,0004372	0,04					0,0004372	1,28	
			0,0004374	0,04					0,0004374	1,24	
			0,0004376	0,04					0,0004376	1,28	
			0,0004378	0					0,0004378	1,28	
			0,000438	0,04					0,000438	1,28	
			0,0004382	0					0,0004382	1,28	
			0,0004384	0					0,0004384	1,28	
			0,0004386	0,04					0,0004386	1,28	
			0,0004388	0					0,0004388	1,28	
			0,000439	0,04					0,000439	1,28	
			0,0004392	0,04					0,0004392	1,28	
			0,0004394	0,04					0,0004394	1,28	
			0,0004396	0,04					0,0004396	1,24	
			0,0004398	0,04					0,0004398	1,24	
			0,00044	0,04					0,00044	1,28	
			0,0004402	0,04					0,0004402	1,24	
			0,0004404	0,04					0,0004404	1,24	
			0,0004406	0,04					0,0004406	1,28	
			0,0004408	0,04					0,0004408	1,28	
			0,000441	0,04					0,000441	1,28	
			0,0004412	0,04					0,0004412	1,28	
			0,0004414	0					0,0004414	1,28	
			0,0004416	0					0,0004416	1,28	
			0,0004418	0,04					0,0004418	1,28	
			0,000442	0					0,000442	1,28	
			0,0004422	0,04					0,0004422	1,28	
			0,0004424	0,04					0,0004424	1,28	
			0,0004426	0,04					0,0004426	1,28	
			0,0004428	0					0,0004428	1,24	
			0,000443	0,04					0,000443	1,24	
			0,0004432	0,04					0,0004432	1,28	
			0,0004434	0,04					0,0004434	1,28	
			0,0004436	0,04					0,0004436	1,24	
			0,0004438	0,04					0,0004438	1,28	
			0,000444	0,04					0,000444	1,28	
			0,0004442	0,04					0,0004442	1,28	
			0,0004444	0,04					0,0004444	1,28	
			0,0004446	0,04					0,0004446	1,28	
			0,0004448	0					0,0004448	1,28	
			0,000445	0					0,000445	1,28	
			0,0004452	0					0,0004452	1,28	
			0,0004454	0					0,0004454	1,28	
			0,0004456	0					0,0004456	1,28	
			0,0004458	0					0,0004458	1,28	
			0,000446	0					0,000446	1,28	
			0,0004462	0					0,0004462	1,28	
			0,0004464	0					0,0004464	1,28	
			0,0004466	0,04					0,0004466	1,28	
			0,0004468	0					0,0004468	1,28	
			0,000447	0,04					0,000447	1,24	
			0,0004472	0,04					0,0004472	1,28	
			0,0004474	0					0,0004474	1,28	
			0,0004476	0,04					0,0004476	1,28	
			0,0004478	0					0,0004478	1,28	
			0,000448	0					0,000448	1,28	
			0,0004482	0,04					0,0004482	1,28	
			0,0004484	0,04					0,0004484	1,28	
			0,0004486	0,04					0,0004486	1,28	
			0,0004488	0,04					0,0004488	1,28	
			0,000449	0					0,000449	1,28	
			0,0004492	0					0,0004492	1,28	
			0,0004494	0					0,0004494	1,28	
			0,0004496	0					0,0004496	1,28	
			0,0004498	0					0,0004498	1,28	
			0,00045	0					0,00045	1,28	
			0,0004502	0,04					0,0004502	1,28	
			0,0004504	0,04					0,0004504	1,28	
			0,0004506	0					0,0004506	1,28	
			0,0004508	0					0,0004508	1,28	
			0,000451	0,04					0,000451	1,28	
			0,0004512	0,04					0,0004512	1,28	
			0,0004514	0,04					0,0004514	1,28	
			0,0004516	0,04					0,0004516	1,28	
			0,0004518	0,04					0,0004518	1,28	
			0,000452	0					0,000452	1,28	
			0,0004522	0					0,0004522	1,28	
			0,0004524	0					0,0004524	1,28	
			0,0004526	0					0,0004526	1,28	
			0,0004528	0,04					0,0004528	1,28	
			0,000453	0					0,000453	1,28	
			0,0004532	0					0,0004532	1,28	
			0,0004534	0,04					0,0004534	1,28	
			0,0004536	0					0,0004536	1,28	
			0,0004538	0,04					0,0004538	1,28	
			0,000454	0,04					0,000454	1,28	
			0,0004542	0,04					0,0004542	1,28	
			0,0004544	0,04					0,0004544	1,28	
			0,0004546	0,04					0,0004546	1,28	
			0,0004548	0,04					0,0004548	1,28	
			0,000455	0,04					0,000455	1,28	
			0,0004552	0,04					0,0004552	1,28	
			0,0004554	0,04					0,0004554	1,28	
			0,0004556	0,04					0,0004556	1,28	
			0,0004558	0,04					0,0004558	1,28	
			0,000456	0,04					0,000456	1,28	
			0,0004562	0					0,0004562	1,28	
			0,0004564	0,04					0,0004564	1,28	
			0,0004566	0,04					0,0004566	1,28	
			0,0004568	0,04					0,0004568	1,28	
			0,000457	0,04					0,000457	1,28	
			0,0004572	0,04					0,0004572	1,24	
			0,0004574	0,04					0,0004574	1,24	
			0,0004576	0					0,0004576	1,28	
			0,0004578	0,04					0,0004578	1,28	
			0,000458	0					0,000458	1,28	
			0,0004582	0,04					0,0004582	1,28	
			0,0004584	0,04					0,0004584	1,28	
			0,0004586	0					0,0004586	1,28	
			0,0004588	0					0,0004588	1,24	
			0,000459	0,04					0,000459	1,28	
			0,0004592	0					0,0004592	1,28	
			0,0004594	0,04					0,0004594	1,24	
			0,0004596	0,04					0,0004596	1,28	
			0,0004598	0,04					0,0004598	1,28	
			0,00046	0,04					0,00046	1,24	
			0,0004602	0,04					0,0004602	1,24	
			0,0004604	0,04					0,0004604	1,28	
			0,0004606	0,04					0,0004606	1,28	
			0,0004608	0,04					0,0004608	1,28	
			0,000461	0,04					0,000461	1,28	
			0,0004612	0					0,0004612	1,28	
			0,0004614	0					0,0004614	1,28	
			0,0004616	0					0,0004616	1,28	
			0,0004618	0					0,0004618	1,28	
			0,000462	0,04					0,000462	1,28	
			0,0004622	0					0,0004622	1,28	
			0,0004624	0					0,0004624	1,28	
			0,0004626	0					0,0004626	1,28	
			0,0004628	0					0,0004628	1,28	
			0,000463	0,04					0,000463	1,24	
			0,0004632	0					0,0004632	1,28	
			0,0004634	0,04					0,0004634	1,28	
			0,0004636	0					0,0004636	1,28	
			0,0004638	0,04					0,0004638	1,28	
			0,000464	0					0,000464	1,28	
			0,0004642	0					0,0004642	1,28	
			0,0004644	0					0,0004644	1,28	
			0,0004646	0,04					0,0004646	1,28	
			0,0004648	0,04					0,0004648	1,28	
			0,000465	0,04					0,000465	1,28	
			0,0004652	0					0,0004652	1,28	
			0,0004654	0					0,0004654	1,28	
			0,0004656	0					0,0004656	1,28	
			0,0004658	0					0,0004658	1,28	
			0,000466	0					0,000466	1,28	
			0,0004662	0					0,0004662	1,28	
			0,0004664	0					0,0004664	1,28	
			0,0004666	0					0,0004666	1,28	
			0,0004668	0					0,0004668	1,28	
			0,000467	0					0,000467	1,28	
			0,0004672	0					0,0004672	1,28	
			0,0004674	0,04					0,0004674	1,28	
			0,0004676	0,04					0,0004676	1,28	
			0,0004678	0					0,0004678	1,28	
			0,000468	0					0,000468	1,28	
			0,0004682	0					0,0004682	1,28	
			0,0004684	0,04					0,0004684	1,28	
			0,0004686	0,04					0,0004686	1,28	
			0,0004688	0					0,0004688	1,28	
			0,000469	0					0,000469	1,28	
			0,0004692	0					0,0004692	1,28	
			0,0004694	0					0,0004694	1,28	
			0,0004696	0					0,0004696	1,28	
			0,0004698	0					0,0004698	1,28	
			0,00047	0					0,00047	1,28	
			0,0004702	0					0,0004702	1,28	
			0,0004704	0					0,0004704	1,28	
			0,0004706	0					0,0004706	1,28	
			0,0004708	0,04					0,0004708	1,28	
			0,000471	0,04					0,000471	1,28	
			0,0004712	0,04					0,0004712	1,24	
			0,0004714	0,04					0,0004714	1,28	
			0,0004716	0,04					0,0004716	1,28	
			0,0004718	0,04					0,0004718	1,28	
			0,000472	0,04					0,000472	1,28	
			0,0004722	0					0,0004722	1,28	
			0,0004724	0					0,0004724	1,28	
			0,0004726	0					0,0004726	1,28	
			0,0004728	0					0,0004728	1,28	
			0,000473	0					0,000473	1,28	
			0,0004732	0					0,0004732	1,28	
			0,0004734	0					0,0004734	1,28	
			0,0004736	0					0,0004736	1,28	
			0,0004738	0					0,0004738	1,28	
			0,000474	0,04					0,000474	1,28	
			0,0004742	0					0,0004742	1,24	
			0,0004744	0,04					0,0004744	1,24	
			0,0004746	0,04					0,0004746	1,24	
			0,0004748	0,04					0,0004748	1,24	
			0,000475	0,04					0,000475	1,28	
			0,0004752	0,04					0,0004752	1,28	
			0,0004754	0,04					0,0004754	1,28	
			0,0004756	0,04					0,0004756	1,28	
			0,0004758	0					0,0004758	1,28	
			0,000476	0					0,000476	1,28	
			0,0004762	0,04					0,0004762	1,28	
			0,0004764	0,04					0,0004764	1,28	
			0,0004766	0,04					0,0004766	1,28	
			0,0004768	0					0,0004768	1,28	
			0,000477	0,04					0,000477	1,28	
			0,0004772	0,04					0,0004772	1,28	
			0,0004774	0					0,0004774	1,28	
			0,0004776	0,04					0,0004776	1,24	
			0,0004778	0,04					0,0004778	1,24	
			0,000478	0,04					0,000478	1,28	
			0,0004782	0,04					0,0004782	1,24	
			0,0004784	0,04					0,0004784	1,24	
			0,0004786	0					0,0004786	1,28	
			0,0004788	0,04					0,0004788	1,28	
			0,000479	0					0,000479	1,28	
			0,0004792	0					0,0004792	1,28	
			0,0004794	0					0,0004794	1,28	
			0,0004796	0					0,0004796	1,28	
			0,0004798	0,04					0,0004798	1,28	
			0,00048	0					0,00048	1,28	
			0,0004802	0,04					0,0004802	1,28	
			0,0004804	0,04					0,0004804	1,28	
			0,0004806	0					0,0004806	1,28	
			0,0004808	0,04					0,0004808	1,24	
			0,000481	0,04					0,000481	1,24	
			0,0004812	0,04					0,0004812	1,28	
			0,0004814	0,04					0,0004814	1,28	
			0,0004816	0					0,0004816	1,28	
			0,0004818	0,04					0,0004818	1,28	
			0,000482	0					0,000482	1,28	
			0,0004822	0					0,0004822	1,28	
			0,0004824	0					0,0004824	1,28	
			0,0004826	0					0,0004826	1,28	
			0,0004828	0					0,0004828	1,28	
			0,000483	0					0,000483	1,28	
			0,0004832	0					0,0004832	1,28	
			0,0004834	0					0,0004834	1,28	
			0,0004836	0					0,0004836	1,28	
			0,0004838	0					0,0004838	1,28	
			0,000484	0					0,000484	1,28	
			0,0004842	0					0,0004842	1,24	
			0,0004844	0,04					0,0004844	1,28	
			0,0004846	0					0,0004846	1,28	
			0,0004848	0					0,0004848	1,28	
			0,000485	0,04					0,000485	1,28	
			0,0004852	0					0,0004852	1,28	
			0,0004854	0					0,0004854	1,28	
			0,0004856	0					0,0004856	1,28	
			0,0004858	0					0,0004858	1,28	
			0,000486	0					0,000486	1,28	
			0,0004862	0					0,0004862	1,28	
			0,0004864	0					0,0004864	1,28	
			0,0004866	0					0,0004866	1,28	
			0,0004868	0					0,0004868	1,28	
			0,000487	0					0,000487	1,28	
			0,0004872	0					0,0004872	1,28	
			0,0004874	0					0,0004874	1,24	
			0,0004876	0					0,0004876	1,28	
			0,0004878	0					0,0004878	1,28	
			0,000488	0					0,000488	1,28	
			0,0004882	0					0,0004882	1,28	
			0,0004884	0					0,0004884	1,28	
			0,0004886	0					0,0004886	1,28	
			0,0004888	0					0,0004888	1,28	
			0,000489	0					0,000489	1,28	
			0,0004892	0					0,0004892	1,28	
			0,0004894	0					0,0004894	1,28	
			0,0004896	0					0,0004896	1,28	
			0,0004898	0					0,0004898	1,28	
			0,00049	0					0,00049	1,28	
			0,0004902	0					0,0004902	1,28	
			0,0004904	0					0,0004904	1,28	
			0,0004906	0					0,0004906	1,28	
			0,0004908	0					0,0004908	1,28	
			0,000491	0					0,000491	1,28	
			0,0004912	0					0,0004912	1,28	
			0,0004914	0					0,0004914	1,28	
			0,0004916	0					0,0004916	1,28	
			0,0004918	0					0,0004918	1,28	
			0,000492	0					0,000492	1,28	
			0,0004922	0					0,0004922	1,28	
			0,0004924	0,04					0,0004924	1,28	
			0,0004926	0					0,0004926	1,28	
			0,0004928	0					0,0004928	1,28	
			0,000493	0,04					0,000493	1,28	
			0,0004932	0					0,0004932	1,28	
			0,0004934	0,04					0,0004934	1,28	
			0,0004936	0,04					0,0004936	1,28	
			0,0004938	0					0,0004938	1,28	
			0,000494	0					0,000494	1,28	
			0,0004942	0					0,0004942	1,28	
			0,0004944	0					0,0004944	1,28	
			0,0004946	0					0,0004946	1,28	
			0,0004948	0					0,0004948	1,28	
			0,000495	0					0,000495	1,28	
			0,0004952	0					0,0004952	1,28	
			0,0004954	0					0,0004954	1,28	
			0,0004956	0,04					0,0004956	1,28	
			0,0004958	0					0,0004958	1,28	
			0,000496	0,04					0,000496	1,28	
			0,0004962	0,04					0,0004962	1,28	
			0,0004964	0,04					0,0004964	1,28	
			0,0004966	0					0,0004966	1,28	
			0,0004968	0,04					0,0004968	1,28	
			0,000497	0					0,000497	1,28	
			0,0004972	0					0,0004972	1,28	
			0,0004974	0,04					0,0004974	1,28	
			0,0004976	0					0,0004976	1,28	
			0,0004978	0,04					0,0004978	1,28	
			0,000498	0,04					0,000498	1,24	
			0,0004982	0,04					0,0004982	1,28	
			0,0004984	0,04					0,0004984	1,28	
			0,0004986	0,04					0,0004986	1,28	
			0,0004988	0,04					0,0004988	1,28	
			0,000499	0,04					0,000499	1,28	
			0,0004992	0					0,0004992	1,28	
			0,0004994	0					0,0004994	1,28	
			0,0004996	0					0,0004996	1,28	
			0,0004998	0					0,0004998	1,28	
			0,0005	0,04					0,0005	1,28	
			0,0005002	0					0,0005002	1,28	
			0,0005004	0,04					0,0005004	1,28	
			0,0005006	0,04					0,0005006	1,28	
			0,0005008	0					0,0005008	1,28	
			0,000501	0,04					0,000501	1,28	
			0,0005012	0,04					0,0005012	1,28	
			0,0005014	0,04					0,0005014	1,28	
			0,0005016	0,04					0,0005016	1,28	
			0,0005018	0					0,0005018	1,28	
			0,000502	0					0,000502	1,28	
			0,0005022	0					0,0005022	1,28	
			0,0005024	0					0,0005024	1,28	
			0,0005026	0,04					0,0005026	1,28	
			0,0005028	0					0,0005028	1,28	
			0,000503	0					0,000503	1,28	
			0,0005032	0					0,0005032	1,28	
			0,0005034	0					0,0005034	1,28	
			0,0005036	0					0,0005036	1,28	
			0,0005038	0					0,0005038	1,28	
			0,000504	0					0,000504	1,28	
			0,0005042	0					0,0005042	1,28	
			0,0005044	0					0,0005044	1,28	
			0,0005046	0					0,0005046	1,28	
			0,0005048	0					0,0005048	1,28	
			0,000505	0					0,000505	1,28	
			0,0005052	0					0,0005052	1,28	
			0,0005054	0					0,0005054	1,28	
			0,0005056	0					0,0005056	1,28	
			0,0005058	0,04					0,0005058	1,28	
			0,000506	0					0,000506	1,28	
			0,0005062	0					0,0005062	1,28	
			0,0005064	0					0,0005064	1,28	
			0,0005066	0					0,0005066	1,28	
			0,0005068	0					0,0005068	1,28	
			0,000507	0					0,000507	1,28	
			0,0005072	0					0,0005072	1,28	
			0,0005074	0					0,0005074	1,28	
			0,0005076	0					0,0005076	1,28	
			0,0005078	0					0,0005078	1,28	
			0,000508	0,04					0,000508	1,28	
			0,0005082	0,04					0,0005082	1,28	
			0,0005084	0,04					0,0005084	1,28	
			0,0005086	0,04					0,0005086	1,28	
			0,0005088	0,04					0,0005088	1,28	
			0,000509	0,08					0,000509	1,28	
			0,0005092	0,08					0,0005092	1,28	
			0,0005094	0,08					0,0005094	1,28	
			0,0005096	0,12					0,0005096	1,28	
			0,0005098	0,12					0,0005098	1,28	
			0,00051	0,2					0,00051	1,28	
			0,0005102	0,24					0,0005102	1,28	
			0,0005104	0,28					0,0005104	1,28	
			0,0005106	0,32					0,0005106	1,28	
			0,0005108	0,36					0,0005108	1,32	
			0,000511	0,4					0,000511	1,32	
			0,0005112	0,4					0,0005112	1,32	
			0,0005114	0,4					0,0005114	1,32	
			0,0005116	0,44					0,0005116	1,32	
			0,0005118	0,44					0,0005118	1,32	
			0,000512	0,44					0,000512	1,32	
			0,0005122	0,44					0,0005122	1,32	
			0,0005124	0,48					0,0005124	1,36	
			0,0005126	0,48					0,0005126	1,36	
			0,0005128	0,48					0,0005128	1,36	
			0,000513	0,52					0,000513	1,36	
			0,0005132	0,56					0,0005132	1,36	
			0,0005134	0,6					0,0005134	1,36	
			0,0005136	0,68					0,0005136	1,4	
			0,0005138	0,84					0,0005138	1,4	
			0,000514	0,92					0,000514	1,4	
			0,0005142	1,12					0,0005142	1,44	
			0,0005144	1,32					0,0005144	1,44	
			0,0005146	1,52					0,0005146	1,48	
			0,0005148	1,8					0,0005148	1,48	
			0,000515	2,04					0,000515	1,52	
			0,0005152	2,16					0,0005152	1,56	
			0,0005154	2,2					0,0005154	1,56	
			0,0005156	2,24					0,0005156	1,6	
			0,0005158	2,24					0,0005158	1,64	
			0,000516	2,2					0,000516	1,64	
			0,0005162	2,2					0,0005162	1,68	
			0,0005164	2,24					0,0005164	1,72	
			0,0005166	2,28					0,0005166	1,76	
			0,0005168	2,28					0,0005168	1,8	
			0,000517	2,36					0,000517	1,8	
			0,0005172	2,36					0,0005172	1,84	
			0,0005174	2,36					0,0005174	1,88	
			0,0005176	2,4					0,0005176	1,92	
			0,0005178	2,36					0,0005178	1,92	
			0,000518	2,36					0,000518	1,96	
			0,0005182	2,36					0,0005182	2	
			0,0005184	2,32					0,0005184	2	
			0,0005186	2,28					0,0005186	2,04	
			0,0005188	2,24					0,0005188	2,08	
			0,000519	2,24					0,000519	2,12	
			0,0005192	2,2					0,0005192	2,12	
			0,0005194	2,16					0,0005194	2,16	
			0,0005196	2,16					0,0005196	2,2	
			0,0005198	2,12					0,0005198	2,24	
			0,00052	2,08					0,00052	2,24	
			0,0005202	2,08					0,0005202	2,28	
			0,0005204	2,04					0,0005204	2,28	
			0,0005206	2					0,0005206	2,32	
			0,0005208	2					0,0005208	2,36	
			0,000521	1,96					0,000521	2,36	
			0,0005212	1,96					0,0005212	2,4	
			0,0005214	1,92					0,0005214	2,4	
			0,0005216	1,92					0,0005216	2,44	
			0,0005218	1,88					0,0005218	2,44	
			0,000522	1,88					0,000522	2,48	
			0,0005222	1,84					0,0005222	2,52	
			0,0005224	1,84					0,0005224	2,52	
			0,0005226	1,8					0,0005226	2,56	
			0,0005228	1,76					0,0005228	2,56	
			0,000523	1,76					0,000523	2,6	
			0,0005232	1,72					0,0005232	2,6	
			0,0005234	1,72					0,0005234	2,64	
			0,0005236	1,68					0,0005236	2,68	
			0,0005238	1,68					0,0005238	2,68	
			0,000524	1,64					0,000524	2,72	
			0,0005242	1,64					0,0005242	2,72	
			0,0005244	1,6					0,0005244	2,72	
			0,0005246	1,6					0,0005246	2,76	
			0,0005248	1,6					0,0005248	2,76	
			0,000525	1,56					0,000525	2,8	
			0,0005252	1,56					0,0005252	2,8	
			0,0005254	1,52					0,0005254	2,84	
			0,0005256	1,52					0,0005256	2,84	
			0,0005258	1,48					0,0005258	2,84	
			0,000526	1,48					0,000526	2,88	
			0,0005262	1,48					0,0005262	2,88	
			0,0005264	1,44					0,0005264	2,92	
			0,0005266	1,44					0,0005266	2,92	
			0,0005268	1,4					0,0005268	2,96	
			0,000527	1,4					0,000527	2,96	
			0,0005272	1,4					0,0005272	3	
			0,0005274	1,36					0,0005274	3	
			0,0005276	1,36					0,0005276	3	
			0,0005278	1,36					0,0005278	3,04	
			0,000528	1,32					0,000528	3,04	
			0,0005282	1,32					0,0005282	3,04	
			0,0005284	1,28					0,0005284	3,08	
			0,0005286	1,28					0,0005286	3,08	
			0,0005288	1,28					0,0005288	3,08	
			0,000529	1,28					0,000529	3,12	
			0,0005292	1,24					0,0005292	3,12	
			0,0005294	1,24					0,0005294	3,12	
			0,0005296	1,2					0,0005296	3,16	
			0,0005298	1,2					0,0005298	3,16	
			0,00053	1,2					0,00053	3,16	
			0,0005302	1,16					0,0005302	3,2	
			0,0005304	1,16					0,0005304	3,2	
			0,0005306	1,16					0,0005306	3,2	
			0,0005308	1,16					0,0005308	3,24	
			0,000531	1,12					0,000531	3,24	
			0,0005312	1,12					0,0005312	3,24	
			0,0005314	1,12					0,0005314	3,28	
			0,0005316	1,08					0,0005316	3,28	
			0,0005318	1,08					0,0005318	3,28	
			0,000532	1,08					0,000532	3,28	
			0,0005322	1,08					0,0005322	3,32	
			0,0005324	1,04					0,0005324	3,32	
			0,0005326	1,04					0,0005326	3,32	
			0,0005328	1,04					0,0005328	3,36	
			0,000533	1,04					0,000533	3,36	
			0,0005332	1					0,0005332	3,36	
			0,0005334	1					0,0005334	3,36	
			0,0005336	1					0,0005336	3,4	
			0,0005338	0,96					0,0005338	3,4	
			0,000534	0,96					0,000534	3,4	
			0,0005342	0,96					0,0005342	3,4	
			0,0005344	0,96					0,0005344	3,4	
			0,0005346	0,96					0,0005346	3,44	
			0,0005348	0,92					0,0005348	3,44	
			0,000535	0,92					0,000535	3,44	
			0,0005352	0,92					0,0005352	3,48	
			0,0005354	0,92					0,0005354	3,48	
			0,0005356	0,92					0,0005356	3,48	
			0,0005358	0,88					0,0005358	3,48	
			0,000536	0,88					0,000536	3,52	
			0,0005362	0,88					0,0005362	3,52	
			0,0005364	0,88					0,0005364	3,52	
			0,0005366	0,88					0,0005366	3,52	
			0,0005368	0,84					0,0005368	3,52	
			0,000537	0,84					0,000537	3,56	
			0,0005372	0,84					0,0005372	3,56	
			0,0005374	0,84					0,0005374	3,56	
			0,0005376	0,84					0,0005376	3,56	
			0,0005378	0,8					0,0005378	3,56	
			0,000538	0,8					0,000538	3,6	
			0,0005382	0,8					0,0005382	3,6	
			0,0005384	0,8					0,0005384	3,6	
			0,0005386	0,76					0,0005386	3,6	
			0,0005388	0,76					0,0005388	3,6	
			0,000539	0,76					0,000539	3,64	
			0,0005392	0,76					0,0005392	3,64	
			0,0005394	0,76					0,0005394	3,64	
			0,0005396	0,76					0,0005396	3,64	
			0,0005398	0,72					0,0005398	3,64	
			0,00054	0,72					0,00054	3,68	
			0,0005402	0,72					0,0005402	3,68	
			0,0005404	0,72					0,0005404	3,68	
			0,0005406	0,72					0,0005406	3,68	
			0,0005408	0,72					0,0005408	3,68	
			0,000541	0,68					0,000541	3,68	
			0,0005412	0,68					0,0005412	3,72	
			0,0005414	0,68					0,0005414	3,72	
			0,0005416	0,68					0,0005416	3,72	
			0,0005418	0,64					0,0005418	3,72	
			0,000542	0,64					0,000542	3,72	
			0,0005422	0,64					0,0005422	3,72	
			0,0005424	0,64					0,0005424	3,76	
			0,0005426	0,64					0,0005426	3,76	
			0,0005428	0,64					0,0005428	3,76	
			0,000543	0,64					0,000543	3,76	
			0,0005432	0,64					0,0005432	3,76	
			0,0005434	0,6					0,0005434	3,76	
			0,0005436	0,6					0,0005436	3,8	
			0,0005438	0,6					0,0005438	3,8	
			0,000544	0,6					0,000544	3,8	
			0,0005442	0,6					0,0005442	3,8	
			0,0005444	0,6					0,0005444	3,8	
			0,0005446	0,6					0,0005446	3,8	
			0,0005448	0,56					0,0005448	3,8	
			0,000545	0,56					0,000545	3,84	
			0,0005452	0,56					0,0005452	3,84	
			0,0005454	0,56					0,0005454	3,84	
			0,0005456	0,56					0,0005456	3,84	
			0,0005458	0,56					0,0005458	3,84	
			0,000546	0,56					0,000546	3,84	
			0,0005462	0,56					0,0005462	3,84	
			0,0005464	0,52					0,0005464	3,84	
			0,0005466	0,52					0,0005466	3,84	
			0,0005468	0,52					0,0005468	3,88	
			0,000547	0,52					0,000547	3,88	
			0,0005472	0,52					0,0005472	3,88	
			0,0005474	0,52					0,0005474	3,88	
			0,0005476	0,52					0,0005476	3,88	
			0,0005478	0,52					0,0005478	3,88	
			0,000548	0,48					0,000548	3,88	
			0,0005482	0,48					0,0005482	3,92	
			0,0005484	0,48					0,0005484	3,92	
			0,0005486	0,48					0,0005486	3,92	
			0,0005488	0,48					0,0005488	3,92	
			0,000549	0,48					0,000549	3,92	
			0,0005492	0,48					0,0005492	3,92	
			0,0005494	0,48					0,0005494	3,92	
			0,0005496	0,48					0,0005496	3,92	
			0,0005498	0,44					0,0005498	3,92	
			0,00055	0,44					0,00055	3,96	
			0,0005502	0,44					0,0005502	3,96	
			0,0005504	0,44					0,0005504	3,96	
			0,0005506	0,44					0,0005506	3,96	
			0,0005508	0,44					0,0005508	3,96	
			0,000551	0,44					0,000551	3,96	
			0,0005512	0,44					0,0005512	3,96	
			0,0005514	0,44					0,0005514	3,96	
			0,0005516	0,4					0,0005516	3,96	
			0,0005518	0,4					0,0005518	3,96	
			0,000552	0,4					0,000552	4	
			0,0005522	0,4					0,0005522	4	
			0,0005524	0,4					0,0005524	4	
			0,0005526	0,4					0,0005526	4	
			0,0005528	0,4					0,0005528	4	
			0,000553	0,4					0,000553	4	
			0,0005532	0,4					0,0005532	4	
			0,0005534	0,4					0,0005534	4	
			0,0005536	0,36					0,0005536	4	
			0,0005538	0,36					0,0005538	4	
			0,000554	0,36					0,000554	4,04	
			0,0005542	0,36					0,0005542	4,04	
			0,0005544	0,36					0,0005544	4,04	
			0,0005546	0,36					0,0005546	4,04	
			0,0005548	0,36					0,0005548	4,04	
			0,000555	0,36					0,000555	4,04	
			0,0005552	0,36					0,0005552	4,04	
			0,0005554	0,36					0,0005554	4,04	
			0,0005556	0,36					0,0005556	4,04	
			0,0005558	0,32					0,0005558	4,08	
			0,000556	0,32					0,000556	4,08	
			0,0005562	0,32					0,0005562	4,08	
			0,0005564	0,32					0,0005564	4,08	
			0,0005566	0,32					0,0005566	4,08	
			0,0005568	0,32					0,0005568	4,08	
			0,000557	0,32					0,000557	4,08	
			0,0005572	0,32					0,0005572	4,08	
			0,0005574	0,32					0,0005574	4,08	
			0,0005576	0,28					0,0005576	4,08	
			0,0005578	0,28					0,0005578	4,08	
			0,000558	0,28					0,000558	4,12	
			0,0005582	0,28					0,0005582	4,12	
			0,0005584	0,28					0,0005584	4,12	
			0,0005586	0,28					0,0005586	4,12	
			0,0005588	0,28					0,0005588	4,12	
			0,000559	0,28					0,000559	4,12	
			0,0005592	0,28					0,0005592	4,12	
			0,0005594	0,28					0,0005594	4,12	
			0,0005596	0,28					0,0005596	4,12	
			0,0005598	0,24					0,0005598	4,16	
			0,00056	0,24					0,00056	4,16	
			0,0005602	0,24					0,0005602	4,16	
			0,0005604	0,24					0,0005604	4,16	
			0,0005606	0,24					0,0005606	4,16	
			0,0005608	0,24					0,0005608	4,16	
			0,000561	0,24					0,000561	4,16	
			0,0005612	0,24					0,0005612	4,16	
			0,0005614	0,24					0,0005614	4,16	
			0,0005616	0,24					0,0005616	4,16	
			0,0005618	0,24					0,0005618	4,16	
			0,000562	0,24					0,000562	4,16	
			0,0005622	0,24					0,0005622	4,16	
			0,0005624	0,24					0,0005624	4,16	
			0,0005626	0,2					0,0005626	4,16	
			0,0005628	0,2					0,0005628	4,2	
			0,000563	0,2					0,000563	4,2	
			0,0005632	0,2					0,0005632	4,2	
			0,0005634	0,2					0,0005634	4,2	
			0,0005636	0,2					0,0005636	4,2	
			0,0005638	0,2					0,0005638	4,2	
			0,000564	0,2					0,000564	4,2	
			0,0005642	0,2					0,0005642	4,2	
			0,0005644	0,2					0,0005644	4,2	
			0,0005646	0,2					0,0005646	4,2	
			0,0005648	0,2					0,0005648	4,2	
			0,000565	0,2					0,000565	4,2	
			0,0005652	0,16					0,0005652	4,2	
			0,0005654	0,16					0,0005654	4,2	
			0,0005656	0,16					0,0005656	4,2	
			0,0005658	0,16					0,0005658	4,24	
			0,000566	0,16					0,000566	4,24	
			0,0005662	0,16					0,0005662	4,2	
			0,0005664	0,16					0,0005664	4,24	
			0,0005666	0,16					0,0005666	4,24	
			0,0005668	0,16					0,0005668	4,24	
			0,000567	0,16					0,000567	4,24	
			0,0005672	0,16					0,0005672	4,24	
			0,0005674	0,16					0,0005674	4,24	
			0,0005676	0,16					0,0005676	4,24	
			0,0005678	0,16					0,0005678	4,24	
			0,000568	0,16					0,000568	4,24	
			0,0005682	0,16					0,0005682	4,24	
			0,0005684	0,16					0,0005684	4,24	
			0,0005686	0,16					0,0005686	4,24	
			0,0005688	0,16					0,0005688	4,24	
			0,000569	0,16					0,000569	4,24	
			0,0005692	0,16					0,0005692	4,28	
			0,0005694	0,16					0,0005694	4,28	
			0,0005696	0,16					0,0005696	4,24	
			0,0005698	0,12					0,0005698	4,28	
			0,00057	0,12					0,00057	4,28	
			0,0005702	0,12					0,0005702	4,28	
			0,0005704	0,12					0,0005704	4,28	
			0,0005706	0,12					0,0005706	4,28	
			0,0005708	0,12					0,0005708	4,28	
			0,000571	0,12					0,000571	4,28	
			0,0005712	0,12					0,0005712	4,28	
			0,0005714	0,12					0,0005714	4,28	
			0,0005716	0,12					0,0005716	4,28	
			0,0005718	0,12					0,0005718	4,28	
			0,000572	0,12					0,000572	4,28	
			0,0005722	0,12					0,0005722	4,28	
			0,0005724	0,12					0,0005724	4,28	
			0,0005726	0,12					0,0005726	4,28	
			0,0005728	0,12					0,0005728	4,28	
			0,000573	0,12					0,000573	4,28	
			0,0005732	0,12					0,0005732	4,28	
			0,0005734	0,08					0,0005734	4,28	
			0,0005736	0,12					0,0005736	4,28	
			0,0005738	0,12					0,0005738	4,32	
			0,000574	0,08					0,000574	4,32	
			0,0005742	0,08					0,0005742	4,32	
			0,0005744	0,08					0,0005744	4,32	
			0,0005746	0,08					0,0005746	4,32	
			0,0005748	0,08					0,0005748	4,32	
			0,000575	0,08					0,000575	4,32	
			0,0005752	0,08					0,0005752	4,32	
			0,0005754	0,08					0,0005754	4,32	
			0,0005756	0,08					0,0005756	4,32	
			0,0005758	0,08					0,0005758	4,32	
			0,000576	0,08					0,000576	4,32	
			0,0005762	0,08					0,0005762	4,32	
			0,0005764	0,08					0,0005764	4,32	
			0,0005766	0,08					0,0005766	4,32	
			0,0005768	0,08					0,0005768	4,32	
			0,000577	0,08					0,000577	4,32	
			0,0005772	0,08					0,0005772	4,32	
			0,0005774	0,08					0,0005774	4,32	
			0,0005776	0,08					0,0005776	4,32	
			0,0005778	0,08					0,0005778	4,32	
			0,000578	0,08					0,000578	4,32	
			0,0005782	0,08					0,0005782	4,32	
			0,0005784	0,08					0,0005784	4,32	
			0,0005786	0,08					0,0005786	4,32	
			0,0005788	0,08					0,0005788	4,32	
			0,000579	0,08					0,000579	4,32	
			0,0005792	0,08					0,0005792	4,32	
			0,0005794	0,08					0,0005794	4,32	
			0,0005796	0,08					0,0005796	4,32	
			0,0005798	0,08					0,0005798	4,32	
			0,00058	0,08					0,00058	4,32	
			0,0005802	0,08					0,0005802	4,32	
			0,0005804	0,08					0,0005804	4,32	
			0,0005806	0,08					0,0005806	4,32	
			0,0005808	0,08					0,0005808	4,32	
			0,000581	0,08					0,000581	4,32	
			0,0005812	0,08					0,0005812	4,36	
			0,0005814	0,08					0,0005814	4,32	
			0,0005816	0,08					0,0005816	4,32	
			0,0005818	0,08					0,0005818	4,32	
			0,000582	0,08					0,000582	4,36	
			0,0005822	0,08					0,0005822	4,32	
			0,0005824	0,08					0,0005824	4,32	
			0,0005826	0,08					0,0005826	4,32	
			0,0005828	0,08					0,0005828	4,32	
			0,000583	0,08					0,000583	4,32	
			0,0005832	0,08					0,0005832	4,32	
			0,0005834	0,08					0,0005834	4,32	
			0,0005836	0,08					0,0005836	4,32	
			0,0005838	0,08					0,0005838	4,32	
			0,000584	0,08					0,000584	4,32	
			0,0005842	0,08					0,0005842	4,32	
			0,0005844	0,08					0,0005844	4,32	
			0,0005846	0,08					0,0005846	4,32	
			0,0005848	0,08					0,0005848	4,36	
			0,000585	0,08					0,000585	4,36	
			0,0005852	0,08					0,0005852	4,36	
			0,0005854	0,08					0,0005854	4,32	
			0,0005856	0,08					0,0005856	4,32	
			0,0005858	0,08					0,0005858	4,32	
			0,000586	0,08					0,000586	4,32	
			0,0005862	0,08					0,0005862	4,32	
			0,0005864	0,08					0,0005864	4,32	
			0,0005866	0,08					0,0005866	4,32	
			0,0005868	0,08					0,0005868	4,32	
			0,000587	0,08					0,000587	4,32	
			0,0005872	0,08					0,0005872	4,32	
			0,0005874	0,08					0,0005874	4,32	
			0,0005876	0,08					0,0005876	4,32	
			0,0005878	0,08					0,0005878	4,32	
			0,000588	0,08					0,000588	4,32	
			0,0005882	0,08					0,0005882	4,32	
			0,0005884	0,08					0,0005884	4,32	
			0,0005886	0,08					0,0005886	4,32	
			0,0005888	0,08					0,0005888	4,32	
			0,000589	0,08					0,000589	4,32	
			0,0005892	0,08					0,0005892	4,32	
			0,0005894	0,08					0,0005894	4,32	
			0,0005896	0,08					0,0005896	4,32	
			0,0005898	0,08					0,0005898	4,32	
			0,00059	0,08					0,00059	4,32	
			0,0005902	0,08					0,0005902	4,32	
			0,0005904	0,08					0,0005904	4,32	
			0,0005906	0,08					0,0005906	4,32	
			0,0005908	0,08					0,0005908	4,32	
			0,000591	0,08					0,000591	4,32	
			0,0005912	0,08					0,0005912	4,32	
			0,0005914	0,08					0,0005914	4,32	
			0,0005916	0,08					0,0005916	4,32	
			0,0005918	0,08					0,0005918	4,32	
			0,000592	0,08					0,000592	4,32	
			0,0005922	0,08					0,0005922	4,32	
			0,0005924	0,08					0,0005924	4,32	
			0,0005926	0,08					0,0005926	4,32	
			0,0005928	0,08					0,0005928	4,32	
			0,000593	0,08					0,000593	4,32	
			0,0005932	0,08					0,0005932	4,32	
			0,0005934	0,08					0,0005934	4,32	
			0,0005936	0,08					0,0005936	4,32	
			0,0005938	0,08					0,0005938	4,32	
			0,000594	0,08					0,000594	4,32	
			0,0005942	0,08					0,0005942	4,32	
			0,0005944	0,08					0,0005944	4,32	
			0,0005946	0,08					0,0005946	4,32	
			0,0005948	0,08					0,0005948	4,32	
			0,000595	0,08					0,000595	4,32	
			0,0005952	0,08					0,0005952	4,32	
			0,0005954	0,08					0,0005954	4,32	
			0,0005956	0,08					0,0005956	4,32	
			0,0005958	0,08					0,0005958	4,32	
			0,000596	0,08					0,000596	4,32	
			0,0005962	0,08					0,0005962	4,32	
			0,0005964	0,08					0,0005964	4,32	
			0,0005966	0,08					0,0005966	4,32	
			0,0005968	0,08					0,0005968	4,32	
			0,000597	0,08					0,000597	4,32	
			0,0005972	0,08					0,0005972	4,32	
			0,0005974	0,08					0,0005974	4,32	
			0,0005976	0,08					0,0005976	4,32	
			0,0005978	0,08					0,0005978	4,32	
			0,000598	0,08					0,000598	4,32	
			0,0005982	0,08					0,0005982	4,32	
			0,0005984	0,08					0,0005984	4,32	
			0,0005986	0,08					0,0005986	4,32	
			0,0005988	0,08					0,0005988	4,32	
			0,000599	0,08					0,000599	4,32	
			0,0005992	0,08					0,0005992	4,32	
			0,0005994	0,08					0,0005994	4,32	
			0,0005996	0,08					0,0005996	4,32	
			0,0005998	0,08					0,0005998	4,32	
			0,0006	0,08					0,0006	4,32	
			0,0006002	0,08					0,0006002	4,32	
			0,0006004	0,08					0,0006004	4,32	
			0,0006006	0,08					0,0006006	4,32	
			0,0006008	0,08					0,0006008	4,32	
			0,000601	0,08					0,000601	4,32	
			0,0006012	0,08					0,0006012	4,32	
			0,0006014	0,08					0,0006014	4,32	
			0,0006016	0,08					0,0006016	4,32	
			0,0006018	0,08					0,0006018	4,32	
			0,000602	0,08					0,000602	4,32	
			0,0006022	0,08					0,0006022	4,32	
			0,0006024	0,08					0,0006024	4,32	
			0,0006026	0,08					0,0006026	4,32	
			0,0006028	0,08					0,0006028	4,32	
			0,000603	0,08					0,000603	4,32	
			0,0006032	0,08					0,0006032	4,32	
			0,0006034	0,08					0,0006034	4,32	
			0,0006036	0,08					0,0006036	4,32	
			0,0006038	0,08					0,0006038	4,32	
			0,000604	0,08					0,000604	4,32	
			0,0006042	0,08					0,0006042	4,32	
			0,0006044	0,08					0,0006044	4,32	
			0,0006046	0,08					0,0006046	4,32	
			0,0006048	0,08					0,0006048	4,32	
			0,000605	0,08					0,000605	4,32	
			0,0006052	0,08					0,0006052	4,32	
			0,0006054	0,08					0,0006054	4,32	
			0,0006056	0,08					0,0006056	4,32	
			0,0006058	0,08					0,0006058	4,32	
			0,000606	0,08					0,000606	4,32	
			0,0006062	0,08					0,0006062	4,32	
			0,0006064	0,08					0,0006064	4,32	
			0,0006066	0,08					0,0006066	4,32	
			0,0006068	0,08					0,0006068	4,32	
			0,000607	0,08					0,000607	4,32	
			0,0006072	0,08					0,0006072	4,32	
			0,0006074	0,08					0,0006074	4,32	
			0,0006076	0,08					0,0006076	4,32	
			0,0006078	0,08					0,0006078	4,32	
			0,000608	0,08					0,000608	4,32	
			0,0006082	0,08					0,0006082	4,32	
			0,0006084	0,08					0,0006084	4,32	
			0,0006086	0,08					0,0006086	4,32	
			0,0006088	0,08					0,0006088	4,32	
			0,000609	0,08					0,000609	4,32	
			0,0006092	0,08					0,0006092	4,32	
			0,0006094	0,08					0,0006094	4,32	
			0,0006096	0,08					0,0006096	4,32	
			0,0006098	0,08					0,0006098	4,32	
			0,00061	0,08					0,00061	4,32	
			0,0006102	0,08					0,0006102	4,32	
			0,0006104	0,08					0,0006104	4,32	
			0,0006106	0,08					0,0006106	4,32	
			0,0006108	0,08					0,0006108	4,32	
			0,000611	0,08					0,000611	4,32	
			0,0006112	0,08					0,0006112	4,32	
			0,0006114	0,04					0,0006114	4,36	
			0,0006116	0,08					0,0006116	4,32	
			0,0006118	0,08					0,0006118	4,32	
			0,000612	0,08					0,000612	4,36	
			0,0006122	0,08					0,0006122	4,32	
			0,0006124	0,08					0,0006124	4,32	
			0,0006126	0,08					0,0006126	4,36	
			0,0006128	0,08					0,0006128	4,36	
			0,000613	0,08					0,000613	4,32	
			0,0006132	0,04					0,0006132	4,32	
			0,0006134	0,04					0,0006134	4,32	
			0,0006136	0,04					0,0006136	4,36	
			0,0006138	0,04					0,0006138	4,36	
			0,000614	0,04					0,000614	4,36	
			0,0006142	0,04					0,0006142	4,36	
			0,0006144	0,04					0,0006144	4,36	
			0,0006146	0,04					0,0006146	4,36	
			0,0006148	0,04					0,0006148	4,36	
			0,000615	0,04					0,000615	4,36	
			0,0006152	0,04					0,0006152	4,36	
			0,0006154	0,04					0,0006154	4,36	
			0,0006156	0,04					0,0006156	4,36	
			0,0006158	0,04					0,0006158	4,36	
			0,000616	0,04					0,000616	4,36	
			0,0006162	0,04					0,0006162	4,36	
			0,0006164	0,04					0,0006164	4,36	
			0,0006166	0,04					0,0006166	4,36	
			0,0006168	0,04					0,0006168	4,36	
			0,000617	0,04					0,000617	4,36	
			0,0006172	0,04					0,0006172	4,36	
			0,0006174	0,04					0,0006174	4,36	
			0,0006176	0,04					0,0006176	4,36	
			0,0006178	0,04					0,0006178	4,36	
			0,000618	0,04					0,000618	4,36	
			0,0006182	0,04					0,0006182	4,36	
			0,0006184	0,04					0,0006184	4,36	
			0,0006186	0,04					0,0006186	4,36	
			0,0006188	0,04					0,0006188	4,36	
			0,000619	0,04					0,000619	4,36	
			0,0006192	0,04					0,0006192	4,36	
			0,0006194	0,04					0,0006194	4,36	
			0,0006196	0,04					0,0006196	4,36	
			0,0006198	0,04					0,0006198	4,36	
			0,00062	0,04					0,00062	4,36	
			0,0006202	0,04					0,0006202	4,36	
			0,0006204	0,04					0,0006204	4,36	
			0,0006206	0,04					0,0006206	4,36	
			0,0006208	0,04					0,0006208	4,36	
			0,000621	0,04					0,000621	4,36	
			0,0006212	0,04					0,0006212	4,36	
			0,0006214	0,04					0,0006214	4,36	
			0,0006216	0,04					0,0006216	4,36	
			0,0006218	0,04					0,0006218	4,36	
			0,000622	0,04					0,000622	4,36	
			0,0006222	0,04					0,0006222	4,36	
			0,0006224	0,04					0,0006224	4,36	
			0,0006226	0,04					0,0006226	4,36	
			0,0006228	0,04					0,0006228	4,36	
			0,000623	0,04					0,000623	4,36	
			0,0006232	0,04					0,0006232	4,36	
			0,0006234	0,04					0,0006234	4,36	
			0,0006236	0,04					0,0006236	4,36	
			0,0006238	0,04					0,0006238	4,36	
			0,000624	0,04					0,000624	4,36	
			0,0006242	0,04					0,0006242	4,36	
			0,0006244	0,04					0,0006244	4,36	
			0,0006246	0,04					0,0006246	4,36	
			0,0006248	0,04					0,0006248	4,36	
			0,000625	0,04					0,000625	4,36	
			0,0006252	0,04					0,0006252	4,4	
			0,0006254	0,04					0,0006254	4,36	
			0,0006256	0,04					0,0006256	4,36	
			0,0006258	0,04					0,0006258	4,4	
			0,000626	0,04					0,000626	4,36	
			0,0006262	0,04					0,0006262	4,4	
			0,0006264	0,04					0,0006264	4,36	
			0,0006266	0,04					0,0006266	4,36	
			0,0006268	0,04					0,0006268	4,36	
			0,000627	0,04					0,000627	4,36	
			0,0006272	0,04					0,0006272	4,36	
			0,0006274	0,04					0,0006274	4,36	
			0,0006276	0,04					0,0006276	4,36	
			0,0006278	0,04					0,0006278	4,4	
			0,000628	0,04					0,000628	4,36	
			0,0006282	0,04					0,0006282	4,36	
			0,0006284	0					0,0006284	4,4	
			0,0006286	0					0,0006286	4,4	
			0,0006288	0					0,0006288	4,36	
			0,000629	0,04					0,000629	4,4	
			0,0006292	0					0,0006292	4,4	
			0,0006294	0,04					0,0006294	4,36	
			0,0006296	0,04					0,0006296	4,4	
			0,0006298	0					0,0006298	4,4	
			0,00063	0,04					0,00063	4,4	
			0,0006302	0,04					0,0006302	4,36	
			0,0006304	0					0,0006304	4,36	
			0,0006306	0					0,0006306	4,4	
			0,0006308	0					0,0006308	4,4	
			0,000631	0,04					0,000631	4,4	
			0,0006312	0					0,0006312	4,4	
			0,0006314	0					0,0006314	4,4	
			0,0006316	0,04					0,0006316	4,4	
			0,0006318	0					0,0006318	4,4	
			0,000632	0,04					0,000632	4,36	
			0,0006322	0					0,0006322	4,4	
			0,0006324	0,04					0,0006324	4,4	
			0,0006326	0					0,0006326	4,4	
			0,0006328	0					0,0006328	4,36	
			0,000633	0,04					0,000633	4,4	
			0,0006332	0					0,0006332	4,4	
			0,0006334	0					0,0006334	4,4	
			0,0006336	0					0,0006336	4,4	
			0,0006338	0					0,0006338	4,4	
			0,000634	0					0,000634	4,4	
			0,0006342	0					0,0006342	4,4	
			0,0006344	0					0,0006344	4,4	
			0,0006346	0					0,0006346	4,4	
			0,0006348	0					0,0006348	4,4	
			0,000635	0					0,000635	4,4	
			0,0006352	0					0,0006352	4,4	
			0,0006354	0					0,0006354	4,36	
			0,0006356	0					0,0006356	4,4	
			0,0006358	0					0,0006358	4,4	
			0,000636	0					0,000636	4,4	
			0,0006362	0					0,0006362	4,4	
			0,0006364	0					0,0006364	4,4	
			0,0006366	0					0,0006366	4,4	
			0,0006368	0					0,0006368	4,4	
			0,000637	0					0,000637	4,4	
			0,0006372	0					0,0006372	4,4	
			0,0006374	0					0,0006374	4,4	
			0,0006376	0					0,0006376	4,4	
			0,0006378	0					0,0006378	4,4	
			0,000638	0					0,000638	4,4	
			0,0006382	0					0,0006382	4,4	
			0,0006384	0					0,0006384	4,4	
			0,0006386	0					0,0006386	4,4	
			0,0006388	0					0,0006388	4,4	
			0,000639	0,04					0,000639	4,4	
			0,0006392	0,04					0,0006392	4,4	
			0,0006394	0					0,0006394	4,36	
			0,0006396	0,04					0,0006396	4,36	
			0,0006398	0,04					0,0006398	4,36	
			0,00064	0					0,00064	4,4	
			0,0006402	0,04					0,0006402	4,4	
			0,0006404	0,04					0,0006404	4,4	
			0,0006406	0					0,0006406	4,4	
			0,0006408	0					0,0006408	4,36	
			0,000641	0,04					0,000641	4,4	
			0,0006412	0					0,0006412	4,4	
			0,0006414	0					0,0006414	4,4	
			0,0006416	0,04					0,0006416	4,36	
			0,0006418	0					0,0006418	4,4	
			0,000642	0,04					0,000642	4,4	
			0,0006422	0,04					0,0006422	4,36	
			0,0006424	0,04					0,0006424	4,4	
			0,0006426	0,04					0,0006426	4,36	
			0,0006428	0,04					0,0006428	4,36	
			0,000643	0,04					0,000643	4,4	
			0,0006432	0,04					0,0006432	4,36	
			0,0006434	0,04					0,0006434	4,36	
			0,0006436	0,04					0,0006436	4,36	
			0,0006438	0,04					0,0006438	4,36	
			0,000644	0,04					0,000644	4,36	
			0,0006442	0,04					0,0006442	4,36	
			0,0006444	0,04					0,0006444	4,36	
			0,0006446	0,04					0,0006446	4,36	
			0,0006448	0,04					0,0006448	4,36	
			0,000645	0,04					0,000645	4,36	
			0,0006452	0,04					0,0006452	4,36	
			0,0006454	0,04					0,0006454	4,36	
			0,0006456	0,04					0,0006456	4,36	
			0,0006458	0,04					0,0006458	4,36	
			0,000646	0,04					0,000646	4,36	
			0,0006462	0,04					0,0006462	4,36	
			0,0006464	0,04					0,0006464	4,36	
			0,0006466	0,04					0,0006466	4,36	
			0,0006468	0,04					0,0006468	4,36	
			0,000647	0,04					0,000647	4,36	
			0,0006472	0,04					0,0006472	4,36	
			0,0006474	0,04					0,0006474	4,36	
			0,0006476	0,04					0,0006476	4,36	
			0,0006478	0,04					0,0006478	4,36	
			0,000648	0,04					0,000648	4,36	
			0,0006482	0,04					0,0006482	4,36	
			0,0006484	0,04					0,0006484	4,36	
			0,0006486	0,04					0,0006486	4,36	
			0,0006488	0,04					0,0006488	4,36	
			0,000649	0,04					0,000649	4,36	
			0,0006492	0,04					0,0006492	4,36	
			0,0006494	0,04					0,0006494	4,36	
			0,0006496	0,04					0,0006496	4,36	
			0,0006498	0,04					0,0006498	4,36	
			0,00065	0,04					0,00065	4,36	
			0,0006502	0,04					0,0006502	4,36	
			0,0006504	0,04					0,0006504	4,36	
			0,0006506	0,04					0,0006506	4,36	
			0,0006508	0,04					0,0006508	4,36	
			0,000651	0,04					0,000651	4,36	
			0,0006512	0,04					0,0006512	4,36	
			0,0006514	0,04					0,0006514	4,36	
			0,0006516	0,04					0,0006516	4,36	
			0,0006518	0,04					0,0006518	4,36	
			0,000652	0,04					0,000652	4,36	
			0,0006522	0,04					0,0006522	4,36	
			0,0006524	0,04					0,0006524	4,36	
			0,0006526	0,04					0,0006526	4,36	
			0,0006528	0,04					0,0006528	4,36	
			0,000653	0,04					0,000653	4,36	
			0,0006532	0,04					0,0006532	4,36	
			0,0006534	0,04					0,0006534	4,36	
			0,0006536	0,04					0,0006536	4,36	
			0,0006538	0,04					0,0006538	4,36	
			0,000654	0,04					0,000654	4,36	
			0,0006542	0,04					0,0006542	4,36	
			0,0006544	0,04					0,0006544	4,36	
			0,0006546	0,04					0,0006546	4,36	
			0,0006548	0,04					0,0006548	4,36	
			0,000655	0,04					0,000655	4,36	
			0,0006552	0,04					0,0006552	4,36	
			0,0006554	0,04					0,0006554	4,36	
			0,0006556	0,04					0,0006556	4,36	
			0,0006558	0,04					0,0006558	4,36	
			0,000656	0,04					0,000656	4,36	
			0,0006562	0,04					0,0006562	4,36	
			0,0006564	0,04					0,0006564	4,36	
			0,0006566	0,04					0,0006566	4,36	
			0,0006568	0,04					0,0006568	4,36	
			0,000657	0,04					0,000657	4,36	
			0,0006572	0,04					0,0006572	4,36	
			0,0006574	0,04					0,0006574	4,36	
			0,0006576	0,04					0,0006576	4,36	
			0,0006578	0,04					0,0006578	4,36	
			0,000658	0,04					0,000658	4,36	
			0,0006582	0,04					0,0006582	4,36	
			0,0006584	0,04					0,0006584	4,36	
			0,0006586	0,04					0,0006586	4,36	
			0,0006588	0,04					0,0006588	4,36	
			0,000659	0,04					0,000659	4,36	
			0,0006592	0,04					0,0006592	4,36	
			0,0006594	0,04					0,0006594	4,36	
			0,0006596	0,04					0,0006596	4,36	
			0,0006598	0,04					0,0006598	4,36	
			0,00066	0,04					0,00066	4,36	
			0,0006602	0,04					0,0006602	4,36	
			0,0006604	0,04					0,0006604	4,36	
			0,0006606	0,04					0,0006606	4,36	
			0,0006608	0,04					0,0006608	4,36	
			0,000661	0,04					0,000661	4,36	
			0,0006612	0,04					0,0006612	4,36	
			0,0006614	0,04					0,0006614	4,36	
			0,0006616	0,04					0,0006616	4,36	
			0,0006618	0,04					0,0006618	4,36	
			0,000662	0,04					0,000662	4,36	
			0,0006622	0,04					0,0006622	4,36	
			0,0006624	0,04					0,0006624	4,36	
			0,0006626	0,04					0,0006626	4,36	
			0,0006628	0,04					0,0006628	4,36	
			0,000663	0,04					0,000663	4,36	
			0,0006632	0,04					0,0006632	4,36	
			0,0006634	0,04					0,0006634	4,36	
			0,0006636	0,04					0,0006636	4,36	
			0,0006638	0,04					0,0006638	4,36	
			0,000664	0,04					0,000664	4,36	
			0,0006642	0,04					0,0006642	4,36	
			0,0006644	0,04					0,0006644	4,36	
			0,0006646	0,04					0,0006646	4,36	
			0,0006648	0,04					0,0006648	4,36	
			0,000665	0,04					0,000665	4,36	
			0,0006652	0,04					0,0006652	4,36	
			0,0006654	0,04					0,0006654	4,36	
			0,0006656	0,04					0,0006656	4,36	
			0,0006658	0,04					0,0006658	4,36	
			0,000666	0,04					0,000666	4,36	
			0,0006662	0,04					0,0006662	4,36	
			0,0006664	0,04					0,0006664	4,36	
			0,0006666	0,04					0,0006666	4,36	
			0,0006668	0,04					0,0006668	4,36	
			0,000667	0,04					0,000667	4,36	
			0,0006672	0,04					0,0006672	4,36	
			0,0006674	0,04					0,0006674	4,36	
			0,0006676	0,04					0,0006676	4,36	
			0,0006678	0,04					0,0006678	4,36	
			0,000668	0,04					0,000668	4,36	
			0,0006682	0,04					0,0006682	4,36	
			0,0006684	0,04					0,0006684	4,36	
			0,0006686	0,04					0,0006686	4,36	
			0,0006688	0,04					0,0006688	4,36	
			0,000669	0,04					0,000669	4,36	
			0,0006692	0,04					0,0006692	4,36	
			0,0006694	0,04					0,0006694	4,36	
			0,0006696	0,04					0,0006696	4,36	
			0,0006698	0,04					0,0006698	4,36	
			0,00067	0,04					0,00067	4,36	
			0,0006702	0,04					0,0006702	4,36	
			0,0006704	0,04					0,0006704	4,36	
			0,0006706	0,04					0,0006706	4,36	
			0,0006708	0,04					0,0006708	4,36	
			0,000671	0,04					0,000671	4,36	
			0,0006712	0,04					0,0006712	4,36	
			0,0006714	0,04					0,0006714	4,36	
			0,0006716	0,04					0,0006716	4,36	
			0,0006718	0,04					0,0006718	4,36	
			0,000672	0,04					0,000672	4,36	
			0,0006722	0,04					0,0006722	4,36	
			0,0006724	0,04					0,0006724	4,36	
			0,0006726	0,04					0,0006726	4,36	
			0,0006728	0,04					0,0006728	4,36	
			0,000673	0,04					0,000673	4,36	
			0,0006732	0,04					0,0006732	4,36	
			0,0006734	0,04					0,0006734	4,36	
			0,0006736	0,04					0,0006736	4,36	
			0,0006738	0,04					0,0006738	4,36	
			0,000674	0,04					0,000674	4,36	
			0,0006742	0,04					0,0006742	4,36	
			0,0006744	0,04					0,0006744	4,36	
			0,0006746	0,04					0,0006746	4,36	
			0,0006748	0,04					0,0006748	4,36	
			0,000675	0,04					0,000675	4,36	
			0,0006752	0,04					0,0006752	4,36	
			0,0006754	0,04					0,0006754	4,36	
			0,0006756	0,04					0,0006756	4,36	
			0,0006758	0,04					0,0006758	4,36	
			0,000676	0,04					0,000676	4,36	
			0,0006762	0,04					0,0006762	4,36	
			0,0006764	0,04					0,0006764	4,36	
			0,0006766	0,04					0,0006766	4,36	
			0,0006768	0,04					0,0006768	4,36	
			0,000677	0,04					0,000677	4,36	
			0,0006772	0,04					0,0006772	4,4	
			0,0006774	0,04					0,0006774	4,4	
			0,0006776	0					0,0006776	4,4	
			0,0006778	0,04					0,0006778	4,36	
			0,000678	0,04					0,000678	4,4	
			0,0006782	0,04					0,0006782	4,4	
			0,0006784	0,04					0,0006784	4,36	
			0,0006786	0,04					0,0006786	4,4	
			0,0006788	0,04					0,0006788	4,4	
			0,000679	0,04					0,000679	4,36	
			0,0006792	0,04					0,0006792	4,36	
			0,0006794	0,04					0,0006794	4,36	
			0,0006796	0,04					0,0006796	4,36	
			0,0006798	0,04					0,0006798	4,36	
			0,00068	0,04					0,00068	4,36	
			0,0006802	0,04					0,0006802	4,36	
			0,0006804	0,04					0,0006804	4,36	
			0,0006806	0,04					0,0006806	4,4	
			0,0006808	0,04					0,0006808	4,36	
			0,000681	0,04					0,000681	4,4	
			0,0006812	0,04					0,0006812	4,4	
			0,0006814	0,04					0,0006814	4,36	
			0,0006816	0					0,0006816	4,4	
			0,0006818	0,04					0,0006818	4,36	
			0,000682	0,04					0,000682	4,36	
			0,0006822	0,04					0,0006822	4,4	
			0,0006824	0,04					0,0006824	4,36	
			0,0006826	0,04					0,0006826	4,36	
			0,0006828	0,04					0,0006828	4,36	
			0,000683	0,04					0,000683	4,36	
			0,0006832	0,04					0,0006832	4,4	
			0,0006834	0,04					0,0006834	4,36	
			0,0006836	0,04					0,0006836	4,4	
			0,0006838	0,04					0,0006838	4,4	
			0,000684	0,04					0,000684	4,4	
			0,0006842	0,04					0,0006842	4,36	
			0,0006844	0,04					0,0006844	4,36	
			0,0006846	0					0,0006846	4,4	
			0,0006848	0,04					0,0006848	4,36	
			0,000685	0,04					0,000685	4,36	
			0,0006852	0,04					0,0006852	4,4	
			0,0006854	0,04					0,0006854	4,4	
			0,0006856	0					0,0006856	4,4	
			0,0006858	0,04					0,0006858	4,36	
			0,000686	0					0,000686	4,4	
			0,0006862	0,04					0,0006862	4,4	
			0,0006864	0,04					0,0006864	4,4	
			0,0006866	0					0,0006866	4,4	
			0,0006868	0,04					0,0006868	4,4	
			0,000687	0,04					0,000687	4,4	
			0,0006872	0					0,0006872	4,4	
			0,0006874	0,04					0,0006874	4,4	
			0,0006876	0					0,0006876	4,4	
			0,0006878	0,04					0,0006878	4,4	
			0,000688	0,04					0,000688	4,4	
			0,0006882	0					0,0006882	4,36	
			0,0006884	0,04					0,0006884	4,36	
			0,0006886	0					0,0006886	4,36	
			0,0006888	0,04					0,0006888	4,36	
			0,000689	0					0,000689	4,36	
			0,0006892	0					0,0006892	4,4	
			0,0006894	0,04					0,0006894	4,4	
			0,0006896	0,04					0,0006896	4,4	
			0,0006898	0					0,0006898	4,36	
			0,00069	0					0,00069	4,4	
			0,0006902	0					0,0006902	4,4	
			0,0006904	0					0,0006904	4,4	
			0,0006906	0					0,0006906	4,4	
			0,0006908	0					0,0006908	4,4	
			0,000691	0					0,000691	4,4	
			0,0006912	0					0,0006912	4,4	
			0,0006914	0					0,0006914	4,4	
			0,0006916	0					0,0006916	4,4	
			0,0006918	0					0,0006918	4,4	
			0,000692	0					0,000692	4,4	
			0,0006922	0					0,0006922	4,4	
			0,0006924	0					0,0006924	4,36	
			0,0006926	0,04					0,0006926	4,36	
			0,0006928	0					0,0006928	4,4	
			0,000693	0					0,000693	4,4	
			0,0006932	0					0,0006932	4,4	
			0,0006934	0					0,0006934	4,4	
			0,0006936	0					0,0006936	4,4	
			0,0006938	0					0,0006938	4,4	
			0,000694	0					0,000694	4,4	
			0,0006942	0					0,0006942	4,4	
			0,0006944	0					0,0006944	4,4	
			0,0006946	0					0,0006946	4,4	
			0,0006948	0					0,0006948	4,4	
			0,000695	0					0,000695	4,4	
			0,0006952	0					0,0006952	4,4	
			0,0006954	0					0,0006954	4,4	
			0,0006956	0					0,0006956	4,4	
			0,0006958	0					0,0006958	4,4	
			0,000696	0					0,000696	4,36	
			0,0006962	0					0,0006962	4,36	
			0,0006964	0					0,0006964	4,36	
			0,0006966	0,04					0,0006966	4,4	
			0,0006968	0,04					0,0006968	4,4	
			0,000697	0					0,000697	4,4	
			0,0006972	0					0,0006972	4,4	
			0,0006974	0					0,0006974	4,4	
			0,0006976	0					0,0006976	4,4	
			0,0006978	0					0,0006978	4,4	
			0,000698	0,04					0,000698	4,4	
			0,0006982	0,04					0,0006982	4,4	
			0,0006984	0					0,0006984	4,4	
			0,0006986	0,04					0,0006986	4,4	
			0,0006988	0					0,0006988	4,36	
			0,000699	0,04					0,000699	4,36	
			0,0006992	0,04					0,0006992	4,36	
			0,0006994	0,04					0,0006994	4,4	
			0,0006996	0,04					0,0006996	4,36	
			0,0006998	0,04					0,0006998	4,36	
			0,0007	0,04					0,0007	4,4	
			0,0007002	0,04					0,0007002	4,36	
			0,0007004	0,04					0,0007004	4,36	
			0,0007006	0,04					0,0007006	4,36	
			0,0007008	0,04					0,0007008	4,36	
			0,000701	0,04					0,000701	4,36	
			0,0007012	0,04					0,0007012	4,36	
			0,0007014	0,04					0,0007014	4,36	
			0,0007016	0,04					0,0007016	4,36	
			0,0007018	0,04					0,0007018	4,36	
			0,000702	0,04					0,000702	4,36	
			0,0007022	0,04					0,0007022	4,36	
			0,0007024	0,04					0,0007024	4,36	
			0,0007026	0,04					0,0007026	4,36	
			0,0007028	0,04					0,0007028	4,36	
			0,000703	0,04					0,000703	4,36	
			0,0007032	0,04					0,0007032	4,36	
			0,0007034	0,04					0,0007034	4,36	
			0,0007036	0,04					0,0007036	4,36	
			0,0007038	0,04					0,0007038	4,36	
			0,000704	0,04					0,000704	4,36	
			0,0007042	0,04					0,0007042	4,36	
			0,0007044	0,04					0,0007044	4,36	
			0,0007046	0,04					0,0007046	4,36	
			0,0007048	0,04					0,0007048	4,36	
			0,000705	0,04					0,000705	4,36	
			0,0007052	0,04					0,0007052	4,36	
			0,0007054	0,04					0,0007054	4,36	
			0,0007056	0,04					0,0007056	4,36	
			0,0007058	0,04					0,0007058	4,36	
			0,000706	0,04					0,000706	4,36	
			0,0007062	0,04					0,0007062	4,36	
			0,0007064	0,04					0,0007064	4,36	
			0,0007066	0,04					0,0007066	4,36	
			0,0007068	0,04					0,0007068	4,36	
			0,000707	0,04					0,000707	4,36	
			0,0007072	0,04					0,0007072	4,36	
			0,0007074	0,04					0,0007074	4,36	
			0,0007076	0,04					0,0007076	4,36	
			0,0007078	0,04					0,0007078	4,36	
			0,000708	0,04					0,000708	4,36	
			0,0007082	0,04					0,0007082	4,36	
			0,0007084	0,04					0,0007084	4,36	
			0,0007086	0,04					0,0007086	4,36	
			0,0007088	0,04					0,0007088	4,36	
			0,000709	0,04					0,000709	4,36	
			0,0007092	0,04					0,0007092	4,36	
			0,0007094	0,04					0,0007094	4,36	
			0,0007096	0,04					0,0007096	4,36	
			0,0007098	0,04					0,0007098	4,36	
			0,00071	0,04					0,00071	4,36	
			0,0007102	0,04					0,0007102	4,36	
			0,0007104	0,04					0,0007104	4,36	
			0,0007106	0,04					0,0007106	4,36	
			0,0007108	0,04					0,0007108	4,36	
			0,000711	0,04					0,000711	4,36	
			0,0007112	0,04					0,0007112	4,36	
			0,0007114	0,04					0,0007114	4,36	
			0,0007116	0,04					0,0007116	4,36	
			0,0007118	0,04					0,0007118	4,36	
			0,000712	0,04					0,000712	4,36	
			0,0007122	0,04					0,0007122	4,36	
			0,0007124	0,04					0,0007124	4,36	
			0,0007126	0,04					0,0007126	4,36	
			0,0007128	0,04					0,0007128	4,36	
			0,000713	0,04					0,000713	4,36	
			0,0007132	0,04					0,0007132	4,36	
			0,0007134	0,04					0,0007134	4,36	
			0,0007136	0,04					0,0007136	4,36	
			0,0007138	0,04					0,0007138	4,36	
			0,000714	0,04					0,000714	4,36	
			0,0007142	0,04					0,0007142	4,36	
			0,0007144	0,04					0,0007144	4,36	
			0,0007146	0,04					0,0007146	4,36	
			0,0007148	0,04					0,0007148	4,36	
			0,000715	0,04					0,000715	4,36	
			0,0007152	0,04					0,0007152	4,36	
			0,0007154	0,04					0,0007154	4,36	
			0,0007156	0,04					0,0007156	4,36	
			0,0007158	0,04					0,0007158	4,36	
			0,000716	0,04					0,000716	4,36	
			0,0007162	0,04					0,0007162	4,36	
			0,0007164	0,04					0,0007164	4,36	
			0,0007166	0,04					0,0007166	4,36	
			0,0007168	0,04					0,0007168	4,36	
			0,000717	0,04					0,000717	4,36	
			0,0007172	0,04					0,0007172	4,36	
			0,0007174	0,04					0,0007174	4,36	
			0,0007176	0,04					0,0007176	4,36	
			0,0007178	0,04					0,0007178	4,36	
			0,000718	0,04					0,000718	4,36	
			0,0007182	0,04					0,0007182	4,36	
			0,0007184	0,04					0,0007184	4,36	
			0,0007186	0,04					0,0007186	4,36	
			0,0007188	0,04					0,0007188	4,36	
			0,000719	0,04					0,000719	4,36	
			0,0007192	0,04					0,0007192	4,36	
			0,0007194	0,04					0,0007194	4,36	
			0,0007196	0,04					0,0007196	4,36	
			0,0007198	0,04					0,0007198	4,36	
			0,00072	0,04					0,00072	4,36	
			0,0007202	0,04					0,0007202	4,36	
			0,0007204	0,04					0,0007204	4,36	
			0,0007206	0,04					0,0007206	4,36	
			0,0007208	0,04					0,0007208	4,36	
			0,000721	0,04					0,000721	4,36	
			0,0007212	0,04					0,0007212	4,36	
			0,0007214	0,04					0,0007214	4,36	
			0,0007216	0,04					0,0007216	4,36	
			0,0007218	0,04					0,0007218	4,36	
			0,000722	0,04					0,000722	4,36	
			0,0007222	0,04					0,0007222	4,36	
			0,0007224	0,04					0,0007224	4,36	
			0,0007226	0,04					0,0007226	4,36	
			0,0007228	0,04					0,0007228	4,36	
			0,000723	0,04					0,000723	4,36	
			0,0007232	0,04					0,0007232	4,36	
			0,0007234	0,04					0,0007234	4,36	
			0,0007236	0,04					0,0007236	4,36	
			0,0007238	0,04					0,0007238	4,36	
			0,000724	0,04					0,000724	4,36	
			0,0007242	0,04					0,0007242	4,36	
			0,0007244	0,04					0,0007244	4,36	
			0,0007246	0,04					0,0007246	4,36	
			0,0007248	0,04					0,0007248	4,36	
			0,000725	0,04					0,000725	4,36	
			0,0007252	0,04					0,0007252	4,36	
			0,0007254	0,04					0,0007254	4,36	
			0,0007256	0,04					0,0007256	4,36	
			0,0007258	0,04					0,0007258	4,36	
			0,000726	0,04					0,000726	4,36	
			0,0007262	0,04					0,0007262	4,36	
			0,0007264	0,04					0,0007264	4,36	
			0,0007266	0,04					0,0007266	4,36	
			0,0007268	0,04					0,0007268	4,36	
			0,000727	0,04					0,000727	4,36	
			0,0007272	0,04					0,0007272	4,36	
			0,0007274	0,04					0,0007274	4,36	
			0,0007276	0,04					0,0007276	4,36	
			0,0007278	0,04					0,0007278	4,36	
			0,000728	0,04					0,000728	4,36	
			0,0007282	0,04					0,0007282	4,36	
			0,0007284	0,04					0,0007284	4,36	
			0,0007286	0,04					0,0007286	4,36	
			0,0007288	0,04					0,0007288	4,36	
			0,000729	0,04					0,000729	4,36	
			0,0007292	0,04					0,0007292	4,36	
			0,0007294	0,04					0,0007294	4,36	
			0,0007296	0,04					0,0007296	4,36	
			0,0007298	0,04					0,0007298	4,36	
			0,00073	0,04					0,00073	4,36	
			0,0007302	0,04					0,0007302	4,36	
			0,0007304	0,04					0,0007304	4,36	
			0,0007306	0,04					0,0007306	4,36	
			0,0007308	0,04					0,0007308	4,36	
			0,000731	0,04					0,000731	4,36	
			0,0007312	0,04					0,0007312	4,36	
			0,0007314	0,04					0,0007314	4,36	
			0,0007316	0,04					0,0007316	4,36	
			0,0007318	0,04					0,0007318	4,36	
			0,000732	0,04					0,000732	4,36	
			0,0007322	0,04					0,0007322	4,36	
			0,0007324	0,04					0,0007324	4,36	
			0,0007326	0,04					0,0007326	4,36	
			0,0007328	0,04					0,0007328	4,36	
			0,000733	0,04					0,000733	4,36	
			0,0007332	0,04					0,0007332	4,36	
			0,0007334	0,04					0,0007334	4,36	
			0,0007336	0,04					0,0007336	4,36	
			0,0007338	0,04					0,0007338	4,36	
			0,000734	0,04					0,000734	4,36	
			0,0007342	0,04					0,0007342	4,36	
			0,0007344	0,04					0,0007344	4,36	
			0,0007346	0,04					0,0007346	4,36	
			0,0007348	0,04					0,0007348	4,36	
			0,000735	0,04					0,000735	4,36	
			0,0007352	0,04					0,0007352	4,36	
			0,0007354	0,04					0,0007354	4,36	
			0,0007356	0,04					0,0007356	4,36	
			0,0007358	0,04					0,0007358	4,36	
			0,000736	0,04					0,000736	4,36	
			0,0007362	0,04					0,0007362	4,36	
			0,0007364	0,04					0,0007364	4,36	
			0,0007366	0,04					0,0007366	4,36	
			0,0007368	0,04					0,0007368	4,36	
			0,000737	0,04					0,000737	4,4	
			0,0007372	0,04					0,0007372	4,36	
			0,0007374	0					0,0007374	4,36	
			0,0007376	0,04					0,0007376	4,36	
			0,0007378	0,04					0,0007378	4,36	
			0,000738	0,04					0,000738	4,36	
			0,0007382	0,04					0,0007382	4,36	
			0,0007384	0,04					0,0007384	4,36	
			0,0007386	0,04					0,0007386	4,36	
			0,0007388	0,04					0,0007388	4,36	
			0,000739	0,04					0,000739	4,36	
			0,0007392	0,04					0,0007392	4,36	
			0,0007394	0,04					0,0007394	4,36	
			0,0007396	0,04					0,0007396	4,36	
			0,0007398	0					0,0007398	4,36	
			0,00074	0,04					0,00074	4,36	
			0,0007402	0,04					0,0007402	4,36	
			0,0007404	0,04					0,0007404	4,4	
			0,0007406	0					0,0007406	4,36	
			0,0007408	0,04					0,0007408	4,4	
			0,000741	0,04					0,000741	4,4	
			0,0007412	0,04					0,0007412	4,36	
			0,0007414	0,04					0,0007414	4,36	
			0,0007416	0,04					0,0007416	4,36	
			0,0007418	0,04					0,0007418	4,36	
			0,000742	0,04					0,000742	4,36	
			0,0007422	0,04					0,0007422	4,36	
			0,0007424	0,04					0,0007424	4,36	
			0,0007426	0,04					0,0007426	4,36	
			0,0007428	0,04					0,0007428	4,36	
			0,000743	0,04					0,000743	4,36	
			0,0007432	0,04					0,0007432	4,4	
			0,0007434	0,04					0,0007434	4,36	
			0,0007436	0					0,0007436	4,36	
			0,0007438	0,04					0,0007438	4,36	
			0,000744	0					0,000744	4,4	
			0,0007442	0,04					0,0007442	4,36	
			0,0007444	0,04					0,0007444	4,36	
			0,0007446	0,04					0,0007446	4,36	
			0,0007448	0,04					0,0007448	4,36	
			0,000745	0,04					0,000745	4,36	
			0,0007452	0,04					0,0007452	4,36	
			0,0007454	0,04					0,0007454	4,36	
			0,0007456	0,04					0,0007456	4,36	
			0,0007458	0,04					0,0007458	4,36	
			0,000746	0					0,000746	4,36	
			0,0007462	0,04					0,0007462	4,4	
			0,0007464	0,04					0,0007464	4,36	
			0,0007466	0					0,0007466	4,4	
			0,0007468	0,04					0,0007468	4,36	
			0,000747	0,04					0,000747	4,4	
			0,0007472	0,04					0,0007472	4,4	
			0,0007474	0					0,0007474	4,4	
			0,0007476	0,04					0,0007476	4,4	
			0,0007478	0					0,0007478	4,4	
			0,000748	0					0,000748	4,4	
			0,0007482	0,04					0,0007482	4,4	
			0,0007484	0,04					0,0007484	4,4	
			0,0007486	0,04					0,0007486	4,4	
			0,0007488	0,04					0,0007488	4,36	
			0,000749	0					0,000749	4,4	
			0,0007492	0					0,0007492	4,36	
			0,0007494	0					0,0007494	4,4	
			0,0007496	0					0,0007496	4,4	
			0,0007498	0					0,0007498	4,4	
			0,00075	0					0,00075	4,4	
			0,0007502	0					0,0007502	4,4	
			0,0007504	0					0,0007504	4,4	
			0,0007506	0					0,0007506	4,4	
			0,0007508	0,04					0,0007508	4,36	
			0,000751	0,04					0,000751	4,36	
			0,0007512	0,04					0,0007512	4,4	
			0,0007514	0					0,0007514	4,36	
			0,0007516	0					0,0007516	4,4	
			0,0007518	0,04					0,0007518	4,36	
			0,000752	0,04					0,000752	4,36	
			0,0007522	0,04					0,0007522	4,36	
			0,0007524	0					0,0007524	4,4	
			0,0007526	0					0,0007526	4,4	
			0,0007528	0					0,0007528	4,4	
			0,000753	0					0,000753	4,4	
			0,0007532	0					0,0007532	4,4	
			0,0007534	0,04					0,0007534	4,4	
			0,0007536	0,04					0,0007536	4,36	
			0,0007538	0					0,0007538	4,36	
			0,000754	0					0,000754	4,36	
			0,0007542	0,04					0,0007542	4,36	
			0,0007544	0,04					0,0007544	4,36	
			0,0007546	0					0,0007546	4,36	
			0,0007548	0,04					0,0007548	4,36	
			0,000755	0,04					0,000755	4,36	
			0,0007552	0,04					0,0007552	4,36	
			0,0007554	0,04					0,0007554	4,36	
			0,0007556	0					0,0007556	4,36	
			0,0007558	0,04					0,0007558	4,4	
			0,000756	0,04					0,000756	4,4	
			0,0007562	0					0,0007562	4,4	
			0,0007564	0,04					0,0007564	4,4	
			0,0007566	0,04					0,0007566	4,4	
			0,0007568	0,04					0,0007568	4,36	
			0,000757	0,04					0,000757	4,4	
			0,0007572	0,04					0,0007572	4,36	
			0,0007574	0,04					0,0007574	4,36	
			0,0007576	0,04					0,0007576	4,36	
			0,0007578	0,04					0,0007578	4,36	
			0,000758	0,04					0,000758	4,36	
			0,0007582	0,04					0,0007582	4,36	
			0,0007584	0,04					0,0007584	4,36	
			0,0007586	0,04					0,0007586	4,36	
			0,0007588	0,04					0,0007588	4,36	
			0,000759	0,04					0,000759	4,36	
			0,0007592	0,04					0,0007592	4,36	
			0,0007594	0,04					0,0007594	4,36	
			0,0007596	0,04					0,0007596	4,36	
			0,0007598	0,04					0,0007598	4,36	
			0,00076	0,04					0,00076	4,36	
			0,0007602	0,04					0,0007602	4,36	
			0,0007604	0,04					0,0007604	4,36	
			0,0007606	0,04					0,0007606	4,36	
			0,0007608	0,04					0,0007608	4,36	
			0,000761	0,04					0,000761	4,36	
			0,0007612	0,04					0,0007612	4,36	
			0,0007614	0,04					0,0007614	4,36	
			0,0007616	0,04					0,0007616	4,36	
			0,0007618	0,04					0,0007618	4,36	
			0,000762	0,04					0,000762	4,36	
			0,0007622	0,04					0,0007622	4,36	
			0,0007624	0,04					0,0007624	4,36	
			0,0007626	0,04					0,0007626	4,36	
			0,0007628	0,04					0,0007628	4,36	
			0,000763	0,04					0,000763	4,36	
			0,0007632	0,04					0,0007632	4,36	
			0,0007634	0,04					0,0007634	4,36	
			0,0007636	0,04					0,0007636	4,36	
			0,0007638	0,04					0,0007638	4,36	
			0,000764	0,04					0,000764	4,36	
			0,0007642	0,04					0,0007642	4,36	
			0,0007644	0,04					0,0007644	4,36	
			0,0007646	0,04					0,0007646	4,36	
			0,0007648	0,04					0,0007648	4,36	
			0,000765	0,04					0,000765	4,36	
			0,0007652	0,04					0,0007652	4,36	
			0,0007654	0,04					0,0007654	4,36	
			0,0007656	0,04					0,0007656	4,36	
			0,0007658	0,04					0,0007658	4,36	
			0,000766	0,04					0,000766	4,36	
			0,0007662	0,04					0,0007662	4,36	
			0,0007664	0,04					0,0007664	4,36	
			0,0007666	0,04					0,0007666	4,36	
			0,0007668	0,04					0,0007668	4,36	
			0,000767	0,04					0,000767	4,36	
			0,0007672	0,04					0,0007672	4,36	
			0,0007674	0,04					0,0007674	4,36	
			0,0007676	0,04					0,0007676	4,36	
			0,0007678	0,04					0,0007678	4,36	
			0,000768	0,04					0,000768	4,36	
			0,0007682	0,04					0,0007682	4,36	
			0,0007684	0,04					0,0007684	4,36	
			0,0007686	0,04					0,0007686	4,36	
			0,0007688	0,04					0,0007688	4,36	
			0,000769	0,04					0,000769	4,36	
			0,0007692	0,04					0,0007692	4,36	
			0,0007694	0,04					0,0007694	4,36	
			0,0007696	0,04					0,0007696	4,36	
			0,0007698	0,04					0,0007698	4,36	
			0,00077	0,04					0,00077	4,36	
			0,0007702	0,04					0,0007702	4,36	
			0,0007704	0,04					0,0007704	4,36	
			0,0007706	0,04					0,0007706	4,36	
			0,0007708	0,04					0,0007708	4,36	
			0,000771	0,04					0,000771	4,36	
			0,0007712	0,04					0,0007712	4,36	
			0,0007714	0,04					0,0007714	4,36	
			0,0007716	0,04					0,0007716	4,36	
			0,0007718	0,04					0,0007718	4,36	
			0,000772	0,04					0,000772	4,36	
			0,0007722	0,04					0,0007722	4,36	
			0,0007724	0,04					0,0007724	4,36	
			0,0007726	0,04					0,0007726	4,36	
			0,0007728	0,04					0,0007728	4,36	
			0,000773	0,04					0,000773	4,36	
			0,0007732	0,04					0,0007732	4,36	
			0,0007734	0,04					0,0007734	4,36	
			0,0007736	0,04					0,0007736	4,36	
			0,0007738	0,04					0,0007738	4,36	
			0,000774	0,04					0,000774	4,36	
			0,0007742	0,04					0,0007742	4,36	
			0,0007744	0,04					0,0007744	4,36	
			0,0007746	0,04					0,0007746	4,36	
			0,0007748	0,04					0,0007748	4,36	
			0,000775	0,04					0,000775	4,36	
			0,0007752	0,04					0,0007752	4,36	
			0,0007754	0,04					0,0007754	4,36	
			0,0007756	0,04					0,0007756	4,36	
			0,0007758	0,04					0,0007758	4,36	
			0,000776	0,04					0,000776	4,36	
			0,0007762	0,04					0,0007762	4,36	
			0,0007764	0,04					0,0007764	4,36	
			0,0007766	0,04					0,0007766	4,36	
			0,0007768	0,04					0,0007768	4,36	
			0,000777	0,04					0,000777	4,36	
			0,0007772	0,04					0,0007772	4,36	
			0,0007774	0,04					0,0007774	4,36	
			0,0007776	0,04					0,0007776	4,36	
			0,0007778	0,04					0,0007778	4,36	
			0,000778	0,04					0,000778	4,36	
			0,0007782	0,04					0,0007782	4,36	
			0,0007784	0,04					0,0007784	4,36	
			0,0007786	0,04					0,0007786	4,36	
			0,0007788	0,04					0,0007788	4,36	
			0,000779	0,04					0,000779	4,36	
			0,0007792	0,04					0,0007792	4,36	
			0,0007794	0,04					0,0007794	4,36	
			0,0007796	0,04					0,0007796	4,36	
			0,0007798	0,04					0,0007798	4,36	
			0,00078	0,04					0,00078	4,36	
			0,0007802	0,04					0,0007802	4,36	
			0,0007804	0,04					0,0007804	4,36	
			0,0007806	0,04					0,0007806	4,36	
			0,0007808	0,04					0,0007808	4,36	
			0,000781	0,04					0,000781	4,36	
			0,0007812	0,04					0,0007812	4,36	
			0,0007814	0,04					0,0007814	4,36	
			0,0007816	0,04					0,0007816	4,36	
			0,0007818	0,04					0,0007818	4,36	
			0,000782	0,04					0,000782	4,36	
			0,0007822	0,04					0,0007822	4,36	
			0,0007824	0,04					0,0007824	4,36	
			0,0007826	0,04					0,0007826	4,36	
			0,0007828	0,04					0,0007828	4,36	
			0,000783	0,04					0,000783	4,36	
			0,0007832	0,04					0,0007832	4,36	
			0,0007834	0,04					0,0007834	4,36	
			0,0007836	0,04					0,0007836	4,36	
			0,0007838	0,04					0,0007838	4,36	
			0,000784	0,04					0,000784	4,36	
			0,0007842	0,04					0,0007842	4,36	
			0,0007844	0,04					0,0007844	4,36	
			0,0007846	0,04					0,0007846	4,36	
			0,0007848	0,04					0,0007848	4,36	
			0,000785	0,04					0,000785	4,36	
			0,0007852	0,04					0,0007852	4,36	
			0,0007854	0,04					0,0007854	4,36	
			0,0007856	0,04					0,0007856	4,36	
			0,0007858	0,04					0,0007858	4,36	
			0,000786	0,04					0,000786	4,36	
			0,0007862	0,04					0,0007862	4,36	
			0,0007864	0,04					0,0007864	4,36	
			0,0007866	0,04					0,0007866	4,36	
			0,0007868	0,04					0,0007868	4,36	
			0,000787	0,04					0,000787	4,36	
			0,0007872	0,04					0,0007872	4,36	
			0,0007874	0,04					0,0007874	4,36	
			0,0007876	0,04					0,0007876	4,36	
			0,0007878	0,04					0,0007878	4,36	
			0,000788	0,04					0,000788	4,36	
			0,0007882	0,04					0,0007882	4,36	
			0,0007884	0,04					0,0007884	4,36	
			0,0007886	0,04					0,0007886	4,36	
			0,0007888	0,04					0,0007888	4,36	
			0,000789	0,04					0,000789	4,36	
			0,0007892	0,04					0,0007892	4,36	
			0,0007894	0,04					0,0007894	4,36	
			0,0007896	0,04					0,0007896	4,36	
			0,0007898	0,04					0,0007898	4,36	
			0,00079	0,04					0,00079	4,36	
			0,0007902	0,04					0,0007902	4,36	
			0,0007904	0,04					0,0007904	4,36	
			0,0007906	0,04					0,0007906	4,36	
			0,0007908	0,04					0,0007908	4,36	
			0,000791	0,04					0,000791	4,36	
			0,0007912	0,04					0,0007912	4,36	
			0,0007914	0,04					0,0007914	4,36	
			0,0007916	0,04					0,0007916	4,36	
			0,0007918	0,04					0,0007918	4,36	
			0,000792	0,04					0,000792	4,36	
			0,0007922	0,04					0,0007922	4,36	
			0,0007924	0,04					0,0007924	4,36	
			0,0007926	0,04					0,0007926	4,36	
			0,0007928	0,04					0,0007928	4,36	
			0,000793	0,04					0,000793	4,36	
			0,0007932	0,04					0,0007932	4,36	
			0,0007934	0,04					0,0007934	4,36	
			0,0007936	0,04					0,0007936	4,36	
			0,0007938	0,04					0,0007938	4,36	
