Record Length	2500	Points	-0,000125	0,5	
Sample Interval	1e-007	s	-0,0001249	0,5	
Trigger Point	1249,999899	Samples	-0,0001248	0,5	
			-0,0001247	0,48	
			-0,0001246	0,48	
			-0,0001245	0,48	
Source	CH2		-0,0001244	0,48	
Vertical Units	Volts		-0,0001243	0,48	
Vertical Scale	499.999988824E-3		-0,0001242	0,46	
Vertical Offset	0		-0,0001241	0,46	
Horizontal Units	s		-0,000124	0,46	
Horizontal Scale	25.00000029E-6		-0,0001239	0,46	
Pt Fmt	Y		-0,0001238	0,44	
Yzero	0.0		-0,0001237	0,44	
Probe Atten	1,000000		-0,0001236	0,44	
			-0,0001235	0,44	
Note	TDS 1001B - 16:57:25   22/04/2026		-0,0001234	0,42	
			-0,0001233	0,42	
			-0,0001232	0,42	
			-0,0001231	0,42	
			-0,000123	0,4	
			-0,0001229	0,4	
			-0,0001228	0,4	
			-0,0001227	0,4	
			-0,0001226	0,4	
			-0,0001225	0,38	
			-0,0001224	0,38	
			-0,0001223	0,38	
			-0,0001222	0,38	
			-0,0001221	0,36	
			-0,000122	0,36	
			-0,0001219	0,36	
			-0,0001218	0,36	
			-0,0001217	0,36	
			-0,0001216	0,34	
			-0,0001215	0,34	
			-0,0001214	0,34	
			-0,0001213	0,34	
			-0,0001212	0,32	
			-0,0001211	0,32	
			-0,000121	0,32	
			-0,0001209	0,32	
			-0,0001208	0,3	
			-0,0001207	0,3	
			-0,0001206	0,3	
			-0,0001205	0,3	
			-0,0001204	0,28	
			-0,0001203	0,28	
			-0,0001202	0,28	
			-0,0001201	0,28	
			-0,00012	0,26	
			-0,0001199	0,26	
			-0,0001198	0,26	
			-0,0001197	0,24	
			-0,0001196	0,24	
			-0,0001195	0,24	
			-0,0001194	0,24	
			-0,0001193	0,22	
			-0,0001192	0,22	
			-0,0001191	0,22	
			-0,000119	0,2	
			-0,0001189	0,2	
			-0,0001188	0,2	
			-0,0001187	0,2	
			-0,0001186	0,18	
			-0,0001185	0,18	
			-0,0001184	0,18	
			-0,0001183	0,18	
			-0,0001182	0,16	
			-0,0001181	0,16	
			-0,000118	0,16	
			-0,0001179	0,16	
			-0,0001178	0,14	
			-0,0001177	0,14	
			-0,0001176	0,14	
			-0,0001175	0,14	
			-0,0001174	0,12	
			-0,0001173	0,12	
			-0,0001172	0,12	
			-0,0001171	0,1	
			-0,000117	0,1	
			-0,0001169	0,1	
			-0,0001168	0,1	
			-0,0001167	0,08	
			-0,0001166	0,08	
			-0,0001165	0,08	
			-0,0001164	0,06	
			-0,0001163	0,06	
			-0,0001162	0,06	
			-0,0001161	0,06	
			-0,000116	0,04	
			-0,0001159	0,04	
			-0,0001158	0,04	
			-0,0001157	0,02	
			-0,0001156	0,02	
			-0,0001155	0,02	
			-0,0001154	0,02	
			-0,0001153	0	
			-0,0001152	0	
			-0,0001151	0	
			-0,000115	-0,02	
			-0,0001149	-0,02	
			-0,0001148	-0,02	
			-0,0001147	-0,02	
			-0,0001146	-0,04	
			-0,0001145	-0,04	
			-0,0001144	-0,04	
			-0,0001143	-0,06	
			-0,0001142	-0,06	
			-0,0001141	-0,06	
			-0,000114	-0,06	
			-0,0001139	-0,08	
			-0,0001138	-0,08	
			-0,0001137	-0,08	
			-0,0001136	-0,1	
			-0,0001135	-0,1	
			-0,0001134	-0,1	
			-0,0001133	-0,1	
			-0,0001132	-0,12	
			-0,0001131	-0,12	
			-0,000113	-0,12	
			-0,0001129	-0,14	
			-0,0001128	-0,14	
			-0,0001127	-0,14	
			-0,0001126	-0,14	
			-0,0001125	-0,16	
			-0,0001124	-0,16	
			-0,0001123	-0,16	
			-0,0001122	-0,16	
			-0,0001121	-0,18	
			-0,000112	-0,18	
			-0,0001119	-0,18	
			-0,0001118	-0,18	
			-0,0001117	-0,2	
			-0,0001116	-0,2	
			-0,0001115	-0,2	
			-0,0001114	-0,22	
			-0,0001113	-0,22	
			-0,0001112	-0,22	
			-0,0001111	-0,22	
			-0,000111	-0,24	
			-0,0001109	-0,24	
			-0,0001108	-0,24	
			-0,0001107	-0,24	
			-0,0001106	-0,26	
			-0,0001105	-0,26	
			-0,0001104	-0,26	
			-0,0001103	-0,26	
			-0,0001102	-0,28	
			-0,0001101	-0,28	
			-0,00011	-0,28	
			-0,0001099	-0,28	
			-0,0001098	-0,3	
			-0,0001097	-0,3	
			-0,0001096	-0,3	
			-0,0001095	-0,3	
			-0,0001094	-0,32	
			-0,0001093	-0,32	
			-0,0001092	-0,32	
			-0,0001091	-0,32	
			-0,000109	-0,34	
			-0,0001089	-0,34	
			-0,0001088	-0,34	
			-0,0001087	-0,34	
			-0,0001086	-0,36	
			-0,0001085	-0,36	
			-0,0001084	-0,36	
			-0,0001083	-0,36	
			-0,0001082	-0,38	
			-0,0001081	-0,38	
			-0,000108	-0,38	
			-0,0001079	-0,38	
			-0,0001078	-0,4	
			-0,0001077	-0,4	
			-0,0001076	-0,4	
			-0,0001075	-0,4	
			-0,0001074	-0,4	
			-0,0001073	-0,42	
			-0,0001072	-0,42	
			-0,0001071	-0,42	
			-0,000107	-0,42	
			-0,0001069	-0,44	
			-0,0001068	-0,44	
			-0,0001067	-0,44	
			-0,0001066	-0,44	
			-0,0001065	-0,44	
			-0,0001064	-0,46	
			-0,0001063	-0,46	
			-0,0001062	-0,46	
			-0,0001061	-0,46	
			-0,000106	-0,46	
			-0,0001059	-0,48	
			-0,0001058	-0,48	
			-0,0001057	-0,48	
			-0,0001056	-0,48	
			-0,0001055	-0,48	
			-0,0001054	-0,5	
			-0,0001053	-0,5	
			-0,0001052	-0,5	
			-0,0001051	-0,5	
			-0,000105	-0,5	
			-0,0001049	-0,52	
			-0,0001048	-0,52	
			-0,0001047	-0,52	
			-0,0001046	-0,52	
			-0,0001045	-0,52	
			-0,0001044	-0,52	
			-0,0001043	-0,54	
			-0,0001042	-0,54	
			-0,0001041	-0,54	
			-0,000104	-0,54	
			-0,0001039	-0,54	
			-0,0001038	-0,54	
			-0,0001037	-0,56	
			-0,0001036	-0,56	
			-0,0001035	-0,56	
			-0,0001034	-0,56	
			-0,0001033	-0,56	
			-0,0001032	-0,56	
			-0,0001031	-0,56	
			-0,000103	-0,58	
			-0,0001029	-0,58	
			-0,0001028	-0,58	
			-0,0001027	-0,58	
			-0,0001026	-0,58	
			-0,0001025	-0,58	
			-0,0001024	-0,58	
			-0,0001023	-0,6	
			-0,0001022	-0,6	
			-0,0001021	-0,6	
			-0,000102	-0,6	
			-0,0001019	-0,6	
			-0,0001018	-0,6	
			-0,0001017	-0,6	
			-0,0001016	-0,62	
			-0,0001015	-0,62	
			-0,0001014	-0,62	
			-0,0001013	-0,62	
			-0,0001012	-0,62	
			-0,0001011	-0,62	
			-0,000101	-0,62	
			-0,0001009	-0,62	
			-0,0001008	-0,62	
			-0,0001007	-0,62	
			-0,0001006	-0,64	
			-0,0001005	-0,64	
			-0,0001004	-0,64	
			-0,0001003	-0,64	
			-0,0001002	-0,64	
			-0,0001001	-0,64	
			-0,0001	-0,64	
			-9,99e-005	-0,64	
			-9,98e-005	-0,64	
			-9,97e-005	-0,64	
			-9,96e-005	-0,64	
			-9,95e-005	-0,66	
			-9,94e-005	-0,64	
			-9,93e-005	-0,66	
			-9,92e-005	-0,66	
			-9,91e-005	-0,66	
			-9,9e-005	-0,66	
			-9,89e-005	-0,66	
			-9,88e-005	-0,66	
			-9,87e-005	-0,66	
			-9,86e-005	-0,66	
			-9,85e-005	-0,66	
			-9,84e-005	-0,66	
			-9,83e-005	-0,66	
			-9,82e-005	-0,66	
			-9,81e-005	-0,66	
			-9,8e-005	-0,66	
			-9,79e-005	-0,66	
			-9,78e-005	-0,66	
			-9,77e-005	-0,66	
			-9,76e-005	-0,66	
			-9,75e-005	-0,66	
			-9,74e-005	-0,66	
			-9,73e-005	-0,66	
			-9,72e-005	-0,66	
			-9,71e-005	-0,66	
			-9,7e-005	-0,66	
			-9,69e-005	-0,68	
			-9,68e-005	-0,68	
			-9,67e-005	-0,68	
			-9,66e-005	-0,68	
			-9,65e-005	-0,68	
			-9,64e-005	-0,68	
			-9,63e-005	-0,68	
			-9,62e-005	-0,68	
			-9,61e-005	-0,68	
			-9,6e-005	-0,68	
			-9,59e-005	-0,66	
			-9,58e-005	-0,66	
			-9,57e-005	-0,66	
			-9,56e-005	-0,66	
			-9,55e-005	-0,66	
			-9,54e-005	-0,66	
			-9,53e-005	-0,66	
			-9,52e-005	-0,66	
			-9,51e-005	-0,66	
			-9,5e-005	-0,66	
			-9,49e-005	-0,66	
			-9,48e-005	-0,66	
			-9,47e-005	-0,66	
			-9,46e-005	-0,66	
			-9,45e-005	-0,66	
			-9,44e-005	-0,66	
			-9,43e-005	-0,66	
			-9,42e-005	-0,66	
			-9,41e-005	-0,66	
			-9,4e-005	-0,66	
			-9,39e-005	-0,66	
			-9,38e-005	-0,66	
			-9,37e-005	-0,66	
			-9,36e-005	-0,66	
			-9,35e-005	-0,66	
			-9,34e-005	-0,64	
			-9,33e-005	-0,64	
			-9,32e-005	-0,64	
			-9,31e-005	-0,64	
			-9,3e-005	-0,64	
			-9,29e-005	-0,64	
			-9,28e-005	-0,64	
			-9,27e-005	-0,64	
			-9,26e-005	-0,64	
			-9,25e-005	-0,64	
			-9,24e-005	-0,64	
			-9,23e-005	-0,64	
			-9,22e-005	-0,64	
			-9,21e-005	-0,62	
			-9,2e-005	-0,62	
			-9,19e-005	-0,62	
			-9,18e-005	-0,62	
			-9,17e-005	-0,62	
			-9,16e-005	-0,62	
			-9,15e-005	-0,62	
			-9,14e-005	-0,62	
			-9,13e-005	-0,62	
			-9,12e-005	-0,6	
			-9,11e-005	-0,6	
			-9,1e-005	-0,6	
			-9,09e-005	-0,6	
			-9,08e-005	-0,6	
			-9,07e-005	-0,6	
			-9,06e-005	-0,6	
			-9,05e-005	-0,6	
			-9,04e-005	-0,58	
			-9,03e-005	-0,58	
			-9,02e-005	-0,58	
			-9,01e-005	-0,58	
			-9e-005	-0,58	
			-8,99e-005	-0,58	
			-8,98e-005	-0,58	
			-8,97e-005	-0,56	
			-8,96e-005	-0,56	
			-8,95e-005	-0,56	
			-8,94e-005	-0,56	
			-8,93e-005	-0,56	
			-8,92e-005	-0,56	
			-8,91e-005	-0,56	
			-8,9e-005	-0,54	
			-8,89e-005	-0,54	
			-8,88e-005	-0,54	
			-8,87e-005	-0,54	
			-8,86e-005	-0,54	
			-8,85e-005	-0,54	
			-8,84e-005	-0,52	
			-8,83e-005	-0,52	
			-8,82e-005	-0,52	
			-8,81e-005	-0,52	
			-8,8e-005	-0,52	
			-8,79e-005	-0,52	
			-8,78e-005	-0,5	
			-8,77e-005	-0,5	
			-8,76e-005	-0,5	
			-8,75e-005	-0,5	
			-8,74e-005	-0,5	
			-8,73e-005	-0,48	
			-8,72e-005	-0,48	
			-8,71e-005	-0,48	
			-8,7e-005	-0,48	
			-8,69e-005	-0,48	
			-8,68e-005	-0,46	
			-8,67e-005	-0,46	
			-8,66e-005	-0,46	
			-8,65e-005	-0,46	
			-8,64e-005	-0,46	
			-8,63e-005	-0,44	
			-8,62e-005	-0,44	
			-8,61e-005	-0,44	
			-8,6e-005	-0,44	
			-8,59e-005	-0,44	
			-8,58e-005	-0,42	
			-8,57e-005	-0,42	
			-8,56e-005	-0,42	
			-8,55e-005	-0,42	
			-8,54e-005	-0,4	
			-8,53e-005	-0,4	
			-8,52e-005	-0,4	
			-8,51e-005	-0,4	
			-8,5e-005	-0,4	
			-8,49e-005	-0,38	
			-8,48e-005	-0,38	
			-8,47e-005	-0,38	
			-8,46e-005	-0,38	
			-8,45e-005	-0,36	
			-8,44e-005	-0,36	
			-8,43e-005	-0,36	
			-8,42e-005	-0,36	
			-8,41e-005	-0,34	
			-8,4e-005	-0,34	
			-8,39e-005	-0,34	
			-8,38e-005	-0,34	
			-8,37e-005	-0,32	
			-8,36e-005	-0,32	
			-8,35e-005	-0,32	
			-8,34e-005	-0,32	
			-8,33e-005	-0,3	
			-8,32e-005	-0,3	
			-8,31e-005	-0,3	
			-8,3e-005	-0,3	
			-8,29e-005	-0,28	
			-8,28e-005	-0,28	
			-8,27e-005	-0,28	
			-8,26e-005	-0,28	
			-8,25e-005	-0,26	
			-8,24e-005	-0,26	
			-8,23e-005	-0,26	
			-8,22e-005	-0,26	
			-8,21e-005	-0,24	
			-8,2e-005	-0,24	
			-8,19e-005	-0,24	
			-8,18e-005	-0,24	
			-8,17e-005	-0,22	
			-8,16e-005	-0,22	
			-8,15e-005	-0,22	
			-8,14e-005	-0,2	
			-8,13e-005	-0,2	
			-8,12e-005	-0,2	
			-8,11e-005	-0,2	
			-8,1e-005	-0,18	
			-8,09e-005	-0,18	
			-8,08e-005	-0,18	
			-8,07e-005	-0,16	
			-8,06e-005	-0,16	
			-8,05e-005	-0,16	
			-8,04e-005	-0,16	
			-8,03e-005	-0,16	
			-8,02e-005	-0,14	
			-8,01e-005	-0,14	
			-8e-005	-0,14	
			-7,99e-005	-0,12	
			-7,98e-005	-0,12	
			-7,97e-005	-0,12	
			-7,96e-005	-0,1	
			-7,95e-005	-0,1	
			-7,94e-005	-0,1	
			-7,93e-005	-0,1	
			-7,92e-005	-0,08	
			-7,91e-005	-0,08	
			-7,9e-005	-0,08	
			-7,89e-005	-0,06	
			-7,88e-005	-0,06	
			-7,87e-005	-0,06	
			-7,86e-005	-0,06	
			-7,85e-005	-0,04	
			-7,84e-005	-0,04	
			-7,83e-005	-0,04	
			-7,82e-005	-0,02	
			-7,81e-005	-0,02	
			-7,8e-005	-0,02	
			-7,79e-005	-0,02	
			-7,78e-005	0	
			-7,77e-005	0	
			-7,76e-005	0	
			-7,75e-005	0,02	
			-7,74e-005	0,02	
			-7,73e-005	0,02	
			-7,72e-005	0,02	
			-7,71e-005	0,04	
			-7,7e-005	0,04	
			-7,69e-005	0,04	
			-7,68e-005	0,06	
			-7,67e-005	0,06	
			-7,66e-005	0,06	
			-7,65e-005	0,06	
			-7,64e-005	0,08	
			-7,63e-005	0,08	
			-7,62e-005	0,08	
			-7,61e-005	0,1	
			-7,6e-005	0,1	
			-7,59e-005	0,1	
			-7,58e-005	0,12	
			-7,57e-005	0,12	
			-7,56e-005	0,12	
			-7,55e-005	0,12	
			-7,54e-005	0,14	
			-7,53e-005	0,14	
			-7,52e-005	0,14	
			-7,51e-005	0,14	
			-7,5e-005	0,16	
			-7,49e-005	0,16	
			-7,48e-005	0,16	
			-7,47e-005	0,18	
			-7,46e-005	0,18	
			-7,45e-005	0,18	
			-7,44e-005	0,18	
			-7,43e-005	0,2	
			-7,42e-005	0,2	
			-7,41e-005	0,2	
			-7,4e-005	0,22	
			-7,39e-005	0,22	
			-7,38e-005	0,22	
			-7,37e-005	0,22	
			-7,36e-005	0,24	
			-7,35e-005	0,24	
			-7,34e-005	0,24	
			-7,33e-005	0,24	
			-7,32e-005	0,26	
			-7,31e-005	0,26	
			-7,3e-005	0,26	
			-7,29e-005	0,28	
			-7,28e-005	0,28	
			-7,27e-005	0,28	
			-7,26e-005	0,28	
			-7,25e-005	0,3	
			-7,24e-005	0,3	
			-7,23e-005	0,3	
			-7,22e-005	0,32	
			-7,21e-005	0,32	
			-7,2e-005	0,32	
			-7,19e-005	0,32	
			-7,18e-005	0,34	
			-7,17e-005	0,34	
			-7,16e-005	0,34	
			-7,15e-005	0,34	
			-7,14e-005	0,34	
			-7,13e-005	0,36	
			-7,12e-005	0,36	
			-7,11e-005	0,36	
			-7,1e-005	0,36	
			-7,09e-005	0,38	
			-7,08e-005	0,38	
			-7,07e-005	0,38	
			-7,06e-005	0,38	
			-7,05e-005	0,4	
			-7,04e-005	0,4	
			-7,03e-005	0,4	
			-7,02e-005	0,4	
			-7,01e-005	0,42	
			-7e-005	0,42	
			-6,99e-005	0,42	
			-6,98e-005	0,42	
			-6,97e-005	0,44	
			-6,96e-005	0,44	
			-6,95e-005	0,44	
			-6,94e-005	0,44	
			-6,93e-005	0,46	
			-6,92e-005	0,46	
			-6,91e-005	0,46	
			-6,9e-005	0,46	
			-6,89e-005	0,46	
			-6,88e-005	0,48	
			-6,87e-005	0,48	
			-6,86e-005	0,48	
			-6,85e-005	0,48	
			-6,84e-005	0,5	
			-6,83e-005	0,5	
			-6,82e-005	0,5	
			-6,81e-005	0,5	
			-6,8e-005	0,5	
			-6,79e-005	0,52	
			-6,78e-005	0,52	
			-6,77e-005	0,52	
			-6,76e-005	0,52	
			-6,75e-005	0,52	
			-6,74e-005	0,54	
			-6,73e-005	0,54	
			-6,72e-005	0,54	
			-6,71e-005	0,54	
			-6,7e-005	0,54	
			-6,69e-005	0,54	
			-6,68e-005	0,56	
			-6,67e-005	0,56	
			-6,66e-005	0,56	
			-6,65e-005	0,56	
			-6,64e-005	0,56	
			-6,63e-005	0,56	
			-6,62e-005	0,58	
			-6,61e-005	0,58	
			-6,6e-005	0,58	
			-6,59e-005	0,58	
			-6,58e-005	0,58	
			-6,57e-005	0,58	
			-6,56e-005	0,6	
			-6,55e-005	0,6	
			-6,54e-005	0,6	
			-6,53e-005	0,6	
			-6,52e-005	0,6	
			-6,51e-005	0,62	
			-6,5e-005	0,62	
			-6,49e-005	0,62	
			-6,48e-005	0,62	
			-6,47e-005	0,62	
			-6,46e-005	0,62	
			-6,45e-005	0,62	
			-6,44e-005	0,64	
			-6,43e-005	0,64	
			-6,42e-005	0,64	
			-6,41e-005	0,64	
			-6,4e-005	0,64	
			-6,39e-005	0,64	
			-6,38e-005	0,64	
			-6,37e-005	0,66	
			-6,36e-005	0,66	
			-6,35e-005	0,66	
			-6,34e-005	0,66	
			-6,33e-005	0,66	
			-6,32e-005	0,66	
			-6,31e-005	0,66	
			-6,3e-005	0,66	
			-6,29e-005	0,66	
			-6,28e-005	0,66	
			-6,27e-005	0,68	
			-6,26e-005	0,68	
			-6,25e-005	0,68	
			-6,24e-005	0,68	
			-6,23e-005	0,68	
			-6,22e-005	0,68	
			-6,21e-005	0,68	
			-6,2e-005	0,68	
			-6,19e-005	0,68	
			-6,18e-005	0,68	
			-6,17e-005	0,68	
			-6,16e-005	0,7	
			-6,15e-005	0,7	
			-6,14e-005	0,7	
			-6,13e-005	0,7	
			-6,12e-005	0,7	
			-6,11e-005	0,7	
			-6,1e-005	0,7	
			-6,09e-005	0,7	
			-6,08e-005	0,7	
			-6,07e-005	0,7	
			-6,06e-005	0,7	
			-6,05e-005	0,7	
			-6,04e-005	0,7	
			-6,03e-005	0,7	
			-6,02e-005	0,7	
			-6,01e-005	0,7	
			-6e-005	0,7	
			-5,99e-005	0,7	
			-5,98e-005	0,72	
			-5,97e-005	0,72	
			-5,96e-005	0,72	
			-5,95e-005	0,72	
			-5,94e-005	0,72	
			-5,93e-005	0,72	
			-5,92e-005	0,72	
			-5,91e-005	0,72	
			-5,9e-005	0,72	
			-5,89e-005	0,72	
			-5,88e-005	0,72	
			-5,87e-005	0,72	
			-5,86e-005	0,72	
			-5,85e-005	0,72	
			-5,84e-005	0,72	
			-5,83e-005	0,72	
			-5,82e-005	0,72	
			-5,81e-005	0,72	
			-5,8e-005	0,72	
			-5,79e-005	0,72	
			-5,78e-005	0,72	
			-5,77e-005	0,72	
			-5,76e-005	0,72	
			-5,75e-005	0,72	
			-5,74e-005	0,72	
			-5,73e-005	0,72	
			-5,72e-005	0,72	
			-5,71e-005	0,7	
			-5,7e-005	0,7	
			-5,69e-005	0,7	
			-5,68e-005	0,7	
			-5,67e-005	0,7	
			-5,66e-005	0,7	
			-5,65e-005	0,7	
			-5,64e-005	0,7	
			-5,63e-005	0,7	
			-5,62e-005	0,7	
			-5,61e-005	0,7	
			-5,6e-005	0,7	
			-5,59e-005	0,7	
			-5,58e-005	0,7	
			-5,57e-005	0,7	
			-5,56e-005	0,7	
			-5,55e-005	0,7	
			-5,54e-005	0,7	
			-5,53e-005	0,7	
			-5,52e-005	0,7	
			-5,51e-005	0,7	
			-5,5e-005	0,68	
			-5,49e-005	0,68	
			-5,48e-005	0,68	
			-5,47e-005	0,68	
			-5,46e-005	0,68	
			-5,45e-005	0,68	
			-5,44e-005	0,68	
			-5,43e-005	0,68	
			-5,42e-005	0,68	
			-5,41e-005	0,68	
			-5,4e-005	0,68	
			-5,39e-005	0,68	
			-5,38e-005	0,66	
			-5,37e-005	0,66	
			-5,36e-005	0,66	
			-5,35e-005	0,66	
			-5,34e-005	0,66	
			-5,33e-005	0,66	
			-5,32e-005	0,66	
			-5,31e-005	0,66	
			-5,3e-005	0,66	
			-5,29e-005	0,64	
			-5,28e-005	0,64	
			-5,27e-005	0,64	
			-5,26e-005	0,64	
			-5,25e-005	0,64	
			-5,24e-005	0,64	
			-5,23e-005	0,64	
			-5,22e-005	0,64	
			-5,21e-005	0,62	
			-5,2e-005	0,62	
			-5,19e-005	0,62	
			-5,18e-005	0,62	
			-5,17e-005	0,62	
			-5,16e-005	0,62	
			-5,15e-005	0,62	
			-5,14e-005	0,6	
			-5,13e-005	0,6	
			-5,12e-005	0,6	
			-5,11e-005	0,6	
			-5,1e-005	0,6	
			-5,09e-005	0,6	
			-5,08e-005	0,58	
			-5,07e-005	0,58	
			-5,06e-005	0,58	
			-5,05e-005	0,58	
			-5,04e-005	0,58	
			-5,03e-005	0,58	
			-5,02e-005	0,56	
			-5,01e-005	0,56	
			-5e-005	0,56	
			-4,99e-005	0,56	
			-4,98e-005	0,56	
			-4,97e-005	0,56	
			-4,96e-005	0,54	
			-4,95e-005	0,54	
			-4,94e-005	0,54	
			-4,93e-005	0,54	
			-4,92e-005	0,54	
			-4,91e-005	0,54	
			-4,9e-005	0,52	
			-4,89e-005	0,52	
			-4,88e-005	0,52	
			-4,87e-005	0,52	
			-4,86e-005	0,52	
			-4,85e-005	0,5	
			-4,84e-005	0,5	
			-4,83e-005	0,5	
			-4,82e-005	0,5	
			-4,81e-005	0,5	
			-4,8e-005	0,48	
			-4,79e-005	0,48	
			-4,78e-005	0,48	
			-4,77e-005	0,48	
			-4,76e-005	0,48	
			-4,75e-005	0,46	
			-4,74e-005	0,46	
			-4,73e-005	0,46	
			-4,72e-005	0,46	
			-4,71e-005	0,46	
			-4,7e-005	0,44	
			-4,69e-005	0,44	
			-4,68e-005	0,44	
			-4,67e-005	0,44	
			-4,66e-005	0,42	
			-4,65e-005	0,42	
			-4,64e-005	0,42	
			-4,63e-005	0,42	
			-4,62e-005	0,4	
			-4,61e-005	0,4	
			-4,6e-005	0,4	
			-4,59e-005	0,4	
			-4,58e-005	0,38	
			-4,57e-005	0,38	
			-4,56e-005	0,38	
			-4,55e-005	0,38	
			-4,54e-005	0,36	
			-4,53e-005	0,36	
			-4,52e-005	0,36	
			-4,51e-005	0,36	
			-4,5e-005	0,36	
			-4,49e-005	0,34	
			-4,48e-005	0,34	
			-4,47e-005	0,34	
			-4,46e-005	0,34	
			-4,45e-005	0,32	
			-4,44e-005	0,32	
			-4,43e-005	0,32	
			-4,42e-005	0,32	
			-4,41e-005	0,3	
			-4,4e-005	0,3	
			-4,39e-005	0,3	
			-4,38e-005	0,3	
			-4,37e-005	0,28	
			-4,36e-005	0,28	
			-4,35e-005	0,28	
			-4,34e-005	0,28	
			-4,33e-005	0,26	
			-4,32e-005	0,26	
			-4,31e-005	0,26	
			-4,3e-005	0,24	
			-4,29e-005	0,24	
			-4,28e-005	0,24	
			-4,27e-005	0,24	
			-4,26e-005	0,22	
			-4,25e-005	0,22	
			-4,24e-005	0,22	
			-4,23e-005	0,22	
			-4,22e-005	0,2	
			-4,21e-005	0,2	
			-4,2e-005	0,2	
			-4,19e-005	0,2	
			-4,18e-005	0,18	
			-4,17e-005	0,18	
			-4,16e-005	0,18	
			-4,15e-005	0,16	
			-4,14e-005	0,16	
			-4,13e-005	0,16	
			-4,12e-005	0,16	
			-4,11e-005	0,14	
			-4,1e-005	0,14	
			-4,09e-005	0,14	
			-4,08e-005	0,12	
			-4,07e-005	0,12	
			-4,06e-005	0,12	
			-4,05e-005	0,12	
			-4,04e-005	0,1	
			-4,03e-005	0,1	
			-4,02e-005	0,1	
			-4,01e-005	0,1	
			-4e-005	0,08	
			-3,99e-005	0,08	
			-3,98e-005	0,08	
			-3,97e-005	0,06	
			-3,96e-005	0,06	
			-3,95e-005	0,06	
			-3,94e-005	0,06	
			-3,93e-005	0,04	
			-3,92e-005	0,04	
			-3,91e-005	0,04	
			-3,9e-005	0,02	
			-3,89e-005	0,02	
			-3,88e-005	0,02	
			-3,87e-005	0,02	
			-3,86e-005	0	
			-3,85e-005	0	
			-3,84e-005	0	
			-3,83e-005	-0,02	
			-3,82e-005	-0,02	
			-3,81e-005	-0,02	
			-3,8e-005	-0,02	
			-3,79e-005	-0,04	
			-3,78e-005	-0,04	
			-3,77e-005	-0,04	
			-3,76e-005	-0,06	
			-3,75e-005	-0,06	
			-3,74e-005	-0,06	
			-3,73e-005	-0,06	
			-3,72e-005	-0,08	
			-3,71e-005	-0,08	
			-3,7e-005	-0,08	
			-3,69e-005	-0,08	
			-3,68e-005	-0,1	
			-3,67e-005	-0,1	
			-3,66e-005	-0,1	
			-3,65e-005	-0,12	
			-3,64e-005	-0,12	
			-3,63e-005	-0,12	
			-3,62e-005	-0,12	
			-3,61e-005	-0,14	
			-3,6e-005	-0,14	
			-3,59e-005	-0,14	
			-3,58e-005	-0,16	
			-3,57e-005	-0,16	
			-3,56e-005	-0,16	
			-3,55e-005	-0,16	
			-3,54e-005	-0,18	
			-3,53e-005	-0,18	
			-3,52e-005	-0,18	
			-3,51e-005	-0,18	
			-3,5e-005	-0,2	
			-3,49e-005	-0,2	
			-3,48e-005	-0,2	
			-3,47e-005	-0,22	
			-3,46e-005	-0,22	
			-3,45e-005	-0,22	
			-3,44e-005	-0,22	
			-3,43e-005	-0,24	
			-3,42e-005	-0,24	
			-3,41e-005	-0,24	
			-3,4e-005	-0,24	
			-3,39e-005	-0,26	
			-3,38e-005	-0,26	
			-3,37e-005	-0,26	
			-3,36e-005	-0,26	
			-3,35e-005	-0,28	
			-3,34e-005	-0,28	
			-3,33e-005	-0,28	
			-3,32e-005	-0,28	
			-3,31e-005	-0,3	
			-3,3e-005	-0,3	
			-3,29e-005	-0,3	
			-3,28e-005	-0,3	
			-3,27e-005	-0,32	
			-3,26e-005	-0,32	
			-3,25e-005	-0,32	
			-3,24e-005	-0,32	
			-3,23e-005	-0,34	
			-3,22e-005	-0,34	
			-3,21e-005	-0,34	
			-3,2e-005	-0,34	
			-3,19e-005	-0,36	
			-3,18e-005	-0,36	
			-3,17e-005	-0,36	
			-3,16e-005	-0,36	
			-3,15e-005	-0,38	
			-3,14e-005	-0,38	
			-3,13e-005	-0,38	
			-3,12e-005	-0,38	
			-3,11e-005	-0,38	
			-3,1e-005	-0,4	
			-3,09e-005	-0,4	
			-3,08e-005	-0,4	
			-3,07e-005	-0,4	
			-3,06e-005	-0,42	
			-3,05e-005	-0,42	
			-3,04e-005	-0,42	
			-3,03e-005	-0,42	
			-3,02e-005	-0,44	
			-3,01e-005	-0,44	
			-3e-005	-0,44	
			-2,99e-005	-0,44	
			-2,98e-005	-0,44	
			-2,97e-005	-0,46	
			-2,96e-005	-0,46	
			-2,95e-005	-0,46	
			-2,94e-005	-0,46	
			-2,93e-005	-0,46	
			-2,92e-005	-0,48	
			-2,91e-005	-0,48	
			-2,9e-005	-0,48	
			-2,89e-005	-0,48	
			-2,88e-005	-0,48	
			-2,87e-005	-0,5	
			-2,86e-005	-0,5	
			-2,85e-005	-0,5	
			-2,84e-005	-0,5	
			-2,83e-005	-0,5	
			-2,82e-005	-0,5	
			-2,81e-005	-0,52	
			-2,8e-005	-0,52	
			-2,79e-005	-0,52	
			-2,78e-005	-0,52	
			-2,77e-005	-0,52	
			-2,76e-005	-0,54	
			-2,75e-005	-0,54	
			-2,74e-005	-0,54	
			-2,73e-005	-0,54	
			-2,72e-005	-0,54	
			-2,71e-005	-0,54	
			-2,7e-005	-0,56	
			-2,69e-005	-0,56	
			-2,68e-005	-0,56	
			-2,67e-005	-0,56	
			-2,66e-005	-0,56	
			-2,65e-005	-0,56	
			-2,64e-005	-0,56	
			-2,63e-005	-0,58	
			-2,62e-005	-0,58	
			-2,61e-005	-0,58	
			-2,6e-005	-0,58	
			-2,59e-005	-0,58	
			-2,58e-005	-0,58	
			-2,57e-005	-0,58	
			-2,56e-005	-0,6	
			-2,55e-005	-0,6	
			-2,54e-005	-0,6	
			-2,53e-005	-0,6	
			-2,52e-005	-0,6	
			-2,51e-005	-0,6	
			-2,5e-005	-0,6	
			-2,49e-005	-0,6	
			-2,48e-005	-0,62	
			-2,47e-005	-0,62	
			-2,46e-005	-0,62	
			-2,45e-005	-0,62	
			-2,44e-005	-0,62	
			-2,43e-005	-0,62	
			-2,42e-005	-0,62	
			-2,41e-005	-0,62	
			-2,4e-005	-0,62	
			-2,39e-005	-0,64	
			-2,38e-005	-0,64	
			-2,37e-005	-0,64	
			-2,36e-005	-0,64	
			-2,35e-005	-0,64	
			-2,34e-005	-0,64	
			-2,33e-005	-0,64	
			-2,32e-005	-0,64	
			-2,31e-005	-0,64	
			-2,3e-005	-0,64	
			-2,29e-005	-0,64	
			-2,28e-005	-0,64	
			-2,27e-005	-0,66	
			-2,26e-005	-0,66	
			-2,25e-005	-0,66	
			-2,24e-005	-0,66	
			-2,23e-005	-0,66	
			-2,22e-005	-0,66	
			-2,21e-005	-0,66	
			-2,2e-005	-0,66	
			-2,19e-005	-0,66	
			-2,18e-005	-0,66	
			-2,17e-005	-0,66	
			-2,16e-005	-0,66	
			-2,15e-005	-0,66	
			-2,14e-005	-0,66	
			-2,13e-005	-0,66	
			-2,12e-005	-0,66	
			-2,11e-005	-0,66	
			-2,1e-005	-0,66	
			-2,09e-005	-0,66	
			-2,08e-005	-0,66	
			-2,07e-005	-0,66	
			-2,06e-005	-0,66	
			-2,05e-005	-0,66	
			-2,04e-005	-0,66	
			-2,03e-005	-0,68	
			-2,02e-005	-0,66	
			-2,01e-005	-0,68	
			-2e-005	-0,68	
			-1,99e-005	-0,68	
			-1,98e-005	-0,68	
			-1,97e-005	-0,68	
			-1,96e-005	-0,68	
			-1,95e-005	-0,68	
			-1,94e-005	-0,68	
			-1,93e-005	-0,68	
			-1,92e-005	-0,68	
			-1,91e-005	-0,66	
			-1,9e-005	-0,66	
			-1,89e-005	-0,66	
			-1,88e-005	-0,66	
			-1,87e-005	-0,66	
			-1,86e-005	-0,66	
			-1,85e-005	-0,66	
			-1,84e-005	-0,66	
			-1,83e-005	-0,66	
			-1,82e-005	-0,66	
			-1,81e-005	-0,66	
			-1,8e-005	-0,66	
			-1,79e-005	-0,66	
			-1,78e-005	-0,66	
			-1,77e-005	-0,66	
			-1,76e-005	-0,66	
			-1,75e-005	-0,66	
			-1,74e-005	-0,66	
			-1,73e-005	-0,66	
			-1,72e-005	-0,66	
			-1,71e-005	-0,66	
			-1,7e-005	-0,66	
			-1,69e-005	-0,66	
			-1,68e-005	-0,66	
			-1,67e-005	-0,66	
			-1,66e-005	-0,64	
			-1,65e-005	-0,64	
			-1,64e-005	-0,64	
			-1,63e-005	-0,64	
			-1,62e-005	-0,64	
			-1,61e-005	-0,64	
			-1,6e-005	-0,64	
			-1,59e-005	-0,64	
			-1,58e-005	-0,64	
			-1,57e-005	-0,64	
			-1,56e-005	-0,64	
			-1,55e-005	-0,64	
			-1,54e-005	-0,62	
			-1,53e-005	-0,62	
			-1,52e-005	-0,62	
			-1,51e-005	-0,62	
			-1,5e-005	-0,62	
			-1,49e-005	-0,62	
			-1,48e-005	-0,62	
			-1,47e-005	-0,62	
			-1,46e-005	-0,62	
			-1,45e-005	-0,6	
			-1,44e-005	-0,6	
			-1,43e-005	-0,6	
			-1,42e-005	-0,6	
			-1,41e-005	-0,6	
			-1,4e-005	-0,6	
			-1,39e-005	-0,6	
			-1,38e-005	-0,6	
			-1,37e-005	-0,58	
			-1,36e-005	-0,58	
			-1,35e-005	-0,58	
			-1,34e-005	-0,58	
			-1,33e-005	-0,58	
			-1,32e-005	-0,58	
			-1,31e-005	-0,58	
			-1,3e-005	-0,56	
			-1,29e-005	-0,56	
			-1,28e-005	-0,56	
			-1,27e-005	-0,56	
			-1,26e-005	-0,56	
			-1,25e-005	-0,56	
			-1,24e-005	-0,56	
			-1,23e-005	-0,54	
			-1,22e-005	-0,54	
			-1,21e-005	-0,54	
			-1,2e-005	-0,54	
			-1,19e-005	-0,54	
			-1,18e-005	-0,54	
			-1,17e-005	-0,52	
			-1,16e-005	-0,52	
			-1,15e-005	-0,52	
			-1,14e-005	-0,52	
			-1,13e-005	-0,52	
			-1,12e-005	-0,52	
			-1,11e-005	-0,5	
			-1,1e-005	-0,5	
			-1,09e-005	-0,5	
			-1,08e-005	-0,5	
			-1,07e-005	-0,5	
			-1,06e-005	-0,48	
			-1,05e-005	-0,48	
			-1,04e-005	-0,48	
			-1,03e-005	-0,48	
			-1,02e-005	-0,48	
			-1,01e-005	-0,46	
			-9,99999e-006	-0,46	
			-9,89999e-006	-0,46	
			-9,79999e-006	-0,46	
			-9,69999e-006	-0,46	
			-9,59999e-006	-0,44	
			-9,49999e-006	-0,44	
			-9,39999e-006	-0,44	
			-9,29999e-006	-0,44	
			-9,19999e-006	-0,44	
			-9,09999e-006	-0,42	
			-8,99999e-006	-0,42	
			-8,89999e-006	-0,42	
			-8,79999e-006	-0,42	
			-8,69999e-006	-0,4	
			-8,59999e-006	-0,4	
			-8,49999e-006	-0,4	
			-8,39999e-006	-0,4	
			-8,29999e-006	-0,4	
			-8,19999e-006	-0,38	
			-8,09999e-006	-0,38	
			-7,99999e-006	-0,38	
			-7,89999e-006	-0,38	
			-7,79999e-006	-0,36	
			-7,69999e-006	-0,36	
			-7,59999e-006	-0,36	
			-7,49999e-006	-0,36	
			-7,39999e-006	-0,34	
			-7,29999e-006	-0,34	
			-7,19999e-006	-0,34	
			-7,09999e-006	-0,34	
			-6,99999e-006	-0,32	
			-6,89999e-006	-0,32	
			-6,79999e-006	-0,32	
			-6,69999e-006	-0,32	
			-6,59999e-006	-0,3	
			-6,49999e-006	-0,3	
			-6,39999e-006	-0,3	
			-6,29999e-006	-0,3	
			-6,19999e-006	-0,28	
			-6,09999e-006	-0,28	
			-5,99999e-006	-0,28	
			-5,89999e-006	-0,28	
			-5,79999e-006	-0,26	
			-5,69999e-006	-0,26	
			-5,59999e-006	-0,26	
			-5,49999e-006	-0,26	
			-5,39999e-006	-0,24	
			-5,29999e-006	-0,24	
			-5,19999e-006	-0,24	
			-5,09999e-006	-0,24	
			-4,99999e-006	-0,22	
			-4,89999e-006	-0,22	
			-4,79999e-006	-0,22	
			-4,69999e-006	-0,22	
			-4,59999e-006	-0,2	
			-4,49999e-006	-0,2	
			-4,39999e-006	-0,2	
			-4,29999e-006	-0,18	
			-4,19999e-006	-0,18	
			-4,09999e-006	-0,18	
			-3,99999e-006	-0,18	
			-3,89999e-006	-0,16	
			-3,79999e-006	-0,16	
			-3,69999e-006	-0,16	
			-3,59999e-006	-0,16	
			-3,49999e-006	-0,14	
			-3,39999e-006	-0,14	
			-3,29999e-006	-0,14	
			-3,19999e-006	-0,12	
			-3,09999e-006	-0,12	
			-2,99999e-006	-0,12	
			-2,89999e-006	-0,1	
			-2,79999e-006	-0,1	
			-2,69999e-006	-0,1	
			-2,59999e-006	-0,1	
			-2,49999e-006	-0,08	
			-2,39999e-006	-0,08	
			-2,29999e-006	-0,08	
			-2,19999e-006	-0,08	
			-2,09999e-006	-0,06	
			-1,99999e-006	-0,06	
			-1,89999e-006	-0,06	
			-1,79999e-006	-0,04	
			-1,69999e-006	-0,04	
			-1,59999e-006	-0,04	
			-1,49999e-006	-0,02	
			-1,39999e-006	-0,02	
			-1,29999e-006	-0,02	
			-1,19999e-006	-0,02	
			-1,09999e-006	0	
			-9,9999e-007	0	
			-8,9999e-007	0	
			-7,9999e-007	0	
			-6,9999e-007	0,02	
			-5,9999e-007	0,02	
			-4,9999e-007	0,02	
			-3,9999e-007	0,04	
			-2,9999e-007	0,04	
			-1,9999e-007	0,04	
			-9,99899e-008	0,06	
			1,00755e-011	0,06	
			1,0001e-007	0,06	
			2,0001e-007	0,08	
			3,0001e-007	0,08	
			4,0001e-007	0,08	
			5,0001e-007	0,08	
			6,0001e-007	0,1	
			7,0001e-007	0,1	
			8,0001e-007	0,1	
			9,0001e-007	0,12	
			1,00001e-006	0,12	
			1,10001e-006	0,12	
			1,20001e-006	0,12	
			1,30001e-006	0,14	
			1,40001e-006	0,14	
			1,50001e-006	0,14	
			1,60001e-006	0,14	
			1,70001e-006	0,16	
			1,80001e-006	0,16	
			1,90001e-006	0,16	
			2,00001e-006	0,18	
			2,10001e-006	0,18	
			2,20001e-006	0,18	
			2,30001e-006	0,18	
			2,40001e-006	0,2	
			2,50001e-006	0,2	
			2,60001e-006	0,2	
			2,70001e-006	0,2	
			2,80001e-006	0,22	
			2,90001e-006	0,22	
			3,00001e-006	0,22	
			3,10001e-006	0,24	
			3,20001e-006	0,24	
			3,30001e-006	0,24	
			3,40001e-006	0,24	
			3,50001e-006	0,26	
			3,60001e-006	0,26	
			3,70001e-006	0,26	
			3,80001e-006	0,28	
			3,90001e-006	0,28	
			4,00001e-006	0,28	
			4,10001e-006	0,28	
			4,20001e-006	0,3	
			4,30001e-006	0,3	
			4,40001e-006	0,3	
			4,50001e-006	0,3	
			4,60001e-006	0,32	
			4,70001e-006	0,32	
			4,80001e-006	0,32	
			4,90001e-006	0,32	
			5,00001e-006	0,34	
			5,10001e-006	0,34	
			5,20001e-006	0,34	
			5,30001e-006	0,34	
			5,40001e-006	0,36	
			5,50001e-006	0,36	
			5,60001e-006	0,36	
			5,70001e-006	0,36	
			5,80001e-006	0,38	
			5,90001e-006	0,38	
			6,00001e-006	0,38	
			6,10001e-006	0,38	
			6,20001e-006	0,4	
			6,30001e-006	0,4	
			6,40001e-006	0,4	
			6,50001e-006	0,4	
			6,60001e-006	0,42	
			6,70001e-006	0,42	
			6,80001e-006	0,42	
			6,90001e-006	0,42	
			7,00001e-006	0,44	
			7,10001e-006	0,44	
			7,20001e-006	0,44	
			7,30001e-006	0,44	
			7,40001e-006	0,46	
			7,50001e-006	0,46	
			7,60001e-006	0,46	
			7,70001e-006	0,46	
			7,80001e-006	0,46	
			7,90001e-006	0,48	
			8,00001e-006	0,48	
			8,10001e-006	0,48	
			8,20001e-006	0,48	
			8,30001e-006	0,5	
			8,40001e-006	0,5	
			8,50001e-006	0,5	
			8,60001e-006	0,5	
			8,70001e-006	0,5	
			8,80001e-006	0,52	
			8,90001e-006	0,52	
			9,00001e-006	0,52	
			9,10001e-006	0,52	
			9,20001e-006	0,52	
			9,30001e-006	0,54	
			9,40001e-006	0,54	
			9,50001e-006	0,54	
			9,60001e-006	0,54	
			9,70001e-006	0,54	
			9,80001e-006	0,54	
			9,90001e-006	0,56	
			1e-005	0,56	
			1,01e-005	0,56	
			1,02e-005	0,56	
			1,03e-005	0,56	
			1,04e-005	0,56	
			1,05e-005	0,58	
			1,06e-005	0,58	
			1,07e-005	0,58	
			1,08e-005	0,58	
			1,09e-005	0,58	
			1,1e-005	0,58	
			1,11e-005	0,6	
			1,12e-005	0,6	
			1,13e-005	0,6	
			1,14e-005	0,6	
			1,15e-005	0,6	
			1,16e-005	0,6	
			1,17e-005	0,62	
			1,18e-005	0,62	
			1,19e-005	0,62	
			1,2e-005	0,62	
			1,21e-005	0,62	
			1,22e-005	0,62	
			1,23e-005	0,64	
			1,24e-005	0,64	
			1,25e-005	0,64	
			1,26e-005	0,64	
			1,27e-005	0,64	
			1,28e-005	0,64	
			1,29e-005	0,64	
			1,3e-005	0,66	
			1,31e-005	0,66	
			1,32e-005	0,66	
			1,33e-005	0,66	
			1,34e-005	0,66	
			1,35e-005	0,66	
			1,36e-005	0,66	
			1,37e-005	0,66	
			1,38e-005	0,66	
			1,39e-005	0,66	
			1,4e-005	0,68	
			1,41e-005	0,68	
			1,42e-005	0,68	
			1,43e-005	0,68	
			1,44e-005	0,68	
			1,45e-005	0,68	
			1,46e-005	0,68	
			1,47e-005	0,68	
			1,48e-005	0,68	
			1,49e-005	0,68	
			1,5e-005	0,68	
			1,51e-005	0,7	
			1,52e-005	0,7	
			1,53e-005	0,7	
			1,54e-005	0,7	
			1,55e-005	0,7	
			1,56e-005	0,7	
			1,57e-005	0,7	
			1,58e-005	0,7	
			1,59e-005	0,7	
			1,6e-005	0,7	
			1,61e-005	0,7	
			1,62e-005	0,7	
			1,63e-005	0,7	
			1,64e-005	0,7	
			1,65e-005	0,7	
			1,66e-005	0,7	
			1,67e-005	0,7	
			1,68e-005	0,7	
			1,69e-005	0,7	
			1,7e-005	0,72	
			1,71e-005	0,72	
			1,72e-005	0,72	
			1,73e-005	0,72	
			1,74e-005	0,72	
			1,75e-005	0,72	
			1,76e-005	0,72	
			1,77e-005	0,72	
			1,78e-005	0,72	
			1,79e-005	0,72	
			1,8e-005	0,72	
			1,81e-005	0,72	
			1,82e-005	0,72	
			1,83e-005	0,72	
			1,84e-005	0,72	
			1,85e-005	0,72	
			1,86e-005	0,72	
			1,87e-005	0,72	
			1,88e-005	0,72	
			1,89e-005	0,72	
			1,9e-005	0,72	
			1,91e-005	0,72	
			1,92e-005	0,72	
			1,93e-005	0,72	
			1,94e-005	0,72	
			1,95e-005	0,72	
			1,96e-005	0,72	
			1,97e-005	0,7	
			1,98e-005	0,7	
			1,99e-005	0,7	
			2e-005	0,7	
			2,01e-005	0,7	
			2,02e-005	0,7	
			2,03e-005	0,7	
			2,04e-005	0,7	
			2,05e-005	0,7	
			2,06e-005	0,7	
			2,07e-005	0,7	
			2,08e-005	0,7	
			2,09e-005	0,7	
			2,1e-005	0,7	
			2,11e-005	0,7	
			2,12e-005	0,7	
			2,13e-005	0,7	
			2,14e-005	0,7	
			2,15e-005	0,7	
			2,16e-005	0,68	
			2,17e-005	0,68	
			2,18e-005	0,68	
			2,19e-005	0,68	
			2,2e-005	0,68	
			2,21e-005	0,68	
			2,22e-005	0,68	
			2,23e-005	0,68	
			2,24e-005	0,68	
			2,25e-005	0,68	
			2,26e-005	0,68	
			2,27e-005	0,68	
			2,28e-005	0,68	
			2,29e-005	0,66	
			2,3e-005	0,66	
			2,31e-005	0,66	
			2,32e-005	0,66	
			2,33e-005	0,66	
			2,34e-005	0,66	
			2,35e-005	0,66	
			2,36e-005	0,66	
			2,37e-005	0,66	
			2,38e-005	0,64	
			2,39e-005	0,64	
			2,4e-005	0,64	
			2,41e-005	0,64	
			2,42e-005	0,64	
			2,43e-005	0,64	
			2,44e-005	0,64	
			2,45e-005	0,64	
			2,46e-005	0,62	
			2,47e-005	0,62	
			2,48e-005	0,62	
			2,49e-005	0,62	
			2,5e-005	0,62	
			2,51e-005	0,62	
			2,52e-005	0,62	
			2,53e-005	0,6	
			2,54e-005	0,6	
			2,55e-005	0,6	
			2,56e-005	0,6	
			2,57e-005	0,6	
			2,58e-005	0,6	
			2,59e-005	0,58	
			2,6e-005	0,58	
			2,61e-005	0,58	
			2,62e-005	0,58	
			2,63e-005	0,58	
			2,64e-005	0,58	
			2,65e-005	0,56	
			2,66e-005	0,56	
			2,67e-005	0,56	
			2,68e-005	0,56	
			2,69e-005	0,56	
			2,7e-005	0,56	
			2,71e-005	0,54	
			2,72e-005	0,54	
			2,73e-005	0,54	
			2,74e-005	0,54	
			2,75e-005	0,54	
			2,76e-005	0,54	
			2,77e-005	0,52	
			2,78e-005	0,52	
			2,79e-005	0,52	
			2,8e-005	0,52	
			2,81e-005	0,52	
			2,82e-005	0,52	
			2,83e-005	0,5	
			2,84e-005	0,5	
			2,85e-005	0,5	
			2,86e-005	0,5	
			2,87e-005	0,48	
			2,88e-005	0,48	
			2,89e-005	0,48	
			2,9e-005	0,48	
			2,91e-005	0,48	
			2,92e-005	0,46	
			2,93e-005	0,46	
			2,94e-005	0,46	
			2,95e-005	0,46	
			2,96e-005	0,44	
			2,97e-005	0,44	
			2,98e-005	0,44	
			2,99e-005	0,44	
			3e-005	0,42	
			3,01e-005	0,42	
			3,02e-005	0,42	
			3,03e-005	0,42	
			3,04e-005	0,42	
			3,05e-005	0,4	
			3,06e-005	0,4	
			3,07e-005	0,4	
			3,08e-005	0,4	
			3,09e-005	0,38	
			3,1e-005	0,38	
			3,11e-005	0,38	
			3,12e-005	0,38	
			3,13e-005	0,38	
			3,14e-005	0,36	
			3,15e-005	0,36	
			3,16e-005	0,36	
			3,17e-005	0,36	
			3,18e-005	0,34	
			3,19e-005	0,34	
			3,2e-005	0,34	
			3,21e-005	0,34	
			3,22e-005	0,32	
			3,23e-005	0,32	
			3,24e-005	0,32	
			3,25e-005	0,32	
			3,26e-005	0,3	
			3,27e-005	0,3	
			3,28e-005	0,3	
			3,29e-005	0,3	
			3,3e-005	0,28	
			3,31e-005	0,28	
			3,32e-005	0,28	
			3,33e-005	0,28	
			3,34e-005	0,26	
			3,35e-005	0,26	
			3,36e-005	0,26	
			3,37e-005	0,24	
			3,38e-005	0,24	
			3,39e-005	0,24	
			3,4e-005	0,24	
			3,41e-005	0,22	
			3,42e-005	0,22	
			3,43e-005	0,22	
			3,44e-005	0,22	
			3,45e-005	0,2	
			3,46e-005	0,2	
			3,47e-005	0,2	
			3,48e-005	0,2	
			3,49e-005	0,18	
			3,5e-005	0,18	
			3,51e-005	0,18	
			3,52e-005	0,16	
			3,53e-005	0,16	
			3,54e-005	0,16	
			3,55e-005	0,16	
			3,56e-005	0,14	
			3,57e-005	0,14	
			3,58e-005	0,14	
			3,59e-005	0,12	
			3,6e-005	0,12	
			3,61e-005	0,12	
			3,62e-005	0,12	
			3,63e-005	0,1	
			3,64e-005	0,1	
			3,65e-005	0,1	
			3,66e-005	0,1	
			3,67e-005	0,08	
			3,68e-005	0,08	
			3,69e-005	0,08	
			3,7e-005	0,06	
			3,71e-005	0,06	
			3,72e-005	0,06	
			3,73e-005	0,06	
			3,74e-005	0,04	
			3,75e-005	0,04	
			3,76e-005	0,04	
			3,77e-005	0,02	
			3,78e-005	0,02	
			3,79e-005	0,02	
			3,8e-005	0,02	
			3,81e-005	0	
			3,82e-005	0	
			3,83e-005	0	
			3,84e-005	-0,02	
			3,85e-005	-0,02	
			3,86e-005	-0,02	
			3,87e-005	-0,02	
			3,88e-005	-0,04	
			3,89e-005	-0,04	
			3,9e-005	-0,04	
			3,91e-005	-0,06	
			3,92e-005	-0,06	
			3,93e-005	-0,06	
			3,94e-005	-0,06	
			3,95e-005	-0,08	
			3,96e-005	-0,08	
			3,97e-005	-0,08	
			3,98e-005	-0,08	
			3,99e-005	-0,1	
			4e-005	-0,1	
			4,01e-005	-0,1	
			4,02e-005	-0,12	
			4,03e-005	-0,12	
			4,04e-005	-0,12	
			4,05e-005	-0,12	
			4,06e-005	-0,14	
			4,07e-005	-0,14	
			4,08e-005	-0,14	
			4,09e-005	-0,16	
			4,1e-005	-0,16	
			4,11e-005	-0,16	
			4,12e-005	-0,16	
			4,13e-005	-0,18	
			4,14e-005	-0,18	
			4,15e-005	-0,18	
			4,16e-005	-0,18	
			4,17e-005	-0,2	
			4,18e-005	-0,2	
			4,19e-005	-0,2	
			4,2e-005	-0,22	
			4,21e-005	-0,22	
			4,22e-005	-0,22	
			4,23e-005	-0,22	
			4,24e-005	-0,24	
			4,25e-005	-0,24	
			4,26e-005	-0,24	
			4,27e-005	-0,24	
			4,28e-005	-0,26	
			4,29e-005	-0,26	
			4,3e-005	-0,26	
			4,31e-005	-0,26	
			4,32e-005	-0,28	
			4,33e-005	-0,28	
			4,34e-005	-0,28	
			4,35e-005	-0,28	
			4,36e-005	-0,3	
			4,37e-005	-0,3	
			4,38e-005	-0,3	
			4,39e-005	-0,3	
			4,4e-005	-0,32	
			4,41e-005	-0,32	
			4,42e-005	-0,32	
			4,43e-005	-0,32	
			4,44e-005	-0,34	
			4,45e-005	-0,34	
			4,46e-005	-0,34	
			4,47e-005	-0,34	
			4,48e-005	-0,36	
			4,49e-005	-0,36	
			4,5e-005	-0,36	
			4,51e-005	-0,36	
			4,52e-005	-0,38	
			4,53e-005	-0,38	
			4,54e-005	-0,38	
			4,55e-005	-0,38	
			4,56e-005	-0,4	
			4,57e-005	-0,4	
			4,58e-005	-0,4	
			4,59e-005	-0,4	
			4,6e-005	-0,4	
			4,61e-005	-0,42	
			4,62e-005	-0,42	
			4,63e-005	-0,42	
			4,64e-005	-0,42	
			4,65e-005	-0,44	
			4,66e-005	-0,44	
			4,67e-005	-0,44	
			4,68e-005	-0,44	
			4,69e-005	-0,44	
			4,7e-005	-0,46	
			4,71e-005	-0,46	
			4,72e-005	-0,46	
			4,73e-005	-0,46	
			4,74e-005	-0,46	
			4,75e-005	-0,48	
			4,76e-005	-0,48	
			4,77e-005	-0,48	
			4,78e-005	-0,48	
			4,79e-005	-0,48	
			4,8e-005	-0,5	
			4,81e-005	-0,5	
			4,82e-005	-0,5	
			4,83e-005	-0,5	
			4,84e-005	-0,5	
			4,85e-005	-0,52	
			4,86e-005	-0,52	
			4,87e-005	-0,52	
			4,88e-005	-0,52	
			4,89e-005	-0,52	
			4,9e-005	-0,52	
			4,91e-005	-0,54	
			4,92e-005	-0,54	
			4,93e-005	-0,54	
			4,94e-005	-0,54	
			4,95e-005	-0,54	
			4,96e-005	-0,54	
			4,97e-005	-0,56	
			4,98e-005	-0,56	
			4,99e-005	-0,56	
			5e-005	-0,56	
			5,01e-005	-0,56	
			5,02e-005	-0,56	
			5,03e-005	-0,56	
			5,04e-005	-0,58	
			5,05e-005	-0,58	
			5,06e-005	-0,58	
			5,07e-005	-0,58	
			5,08e-005	-0,58	
			5,09e-005	-0,58	
			5,1e-005	-0,58	
			5,11e-005	-0,6	
			5,12e-005	-0,6	
			5,13e-005	-0,6	
			5,14e-005	-0,6	
			5,15e-005	-0,6	
			5,16e-005	-0,6	
			5,17e-005	-0,6	
			5,18e-005	-0,62	
			5,19e-005	-0,62	
			5,2e-005	-0,62	
			5,21e-005	-0,62	
			5,22e-005	-0,62	
			5,23e-005	-0,62	
			5,24e-005	-0,62	
			5,25e-005	-0,62	
			5,26e-005	-0,62	
			5,27e-005	-0,64	
			5,28e-005	-0,64	
			5,29e-005	-0,64	
			5,3e-005	-0,64	
			5,31e-005	-0,64	
			5,32e-005	-0,64	
			5,33e-005	-0,64	
			5,34e-005	-0,64	
			5,35e-005	-0,64	
			5,36e-005	-0,64	
			5,37e-005	-0,64	
			5,38e-005	-0,64	
			5,39e-005	-0,64	
			5,4e-005	-0,66	
			5,41e-005	-0,66	
			5,42e-005	-0,66	
			5,43e-005	-0,66	
			5,44e-005	-0,66	
			5,45e-005	-0,66	
			5,46e-005	-0,66	
			5,47e-005	-0,66	
			5,48e-005	-0,66	
			5,49e-005	-0,66	
			5,5e-005	-0,66	
			5,51e-005	-0,66	
			5,52e-005	-0,66	
			5,53e-005	-0,66	
			5,54e-005	-0,66	
			5,55e-005	-0,66	
			5,56e-005	-0,66	
			5,57e-005	-0,66	
			5,58e-005	-0,66	
			5,59e-005	-0,66	
			5,6e-005	-0,66	
			5,61e-005	-0,66	
			5,62e-005	-0,68	
			5,63e-005	-0,68	
			5,64e-005	-0,68	
			5,65e-005	-0,68	
			5,66e-005	-0,68	
			5,67e-005	-0,68	
			5,68e-005	-0,68	
			5,69e-005	-0,68	
			5,7e-005	-0,68	
			5,71e-005	-0,68	
			5,72e-005	-0,68	
			5,73e-005	-0,68	
			5,74e-005	-0,68	
			5,75e-005	-0,68	
			5,76e-005	-0,68	
			5,77e-005	-0,68	
			5,78e-005	-0,68	
			5,79e-005	-0,66	
			5,8e-005	-0,66	
			5,81e-005	-0,66	
			5,82e-005	-0,66	
			5,83e-005	-0,66	
			5,84e-005	-0,66	
			5,85e-005	-0,66	
			5,86e-005	-0,66	
			5,87e-005	-0,66	
			5,88e-005	-0,66	
			5,89e-005	-0,66	
			5,9e-005	-0,66	
			5,91e-005	-0,66	
			5,92e-005	-0,66	
			5,93e-005	-0,66	
			5,94e-005	-0,66	
			5,95e-005	-0,66	
			5,96e-005	-0,66	
			5,97e-005	-0,66	
			5,98e-005	-0,66	
			5,99e-005	-0,66	
			6e-005	-0,66	
			6,01e-005	-0,64	
			6,02e-005	-0,64	
			6,03e-005	-0,64	
			6,04e-005	-0,64	
			6,05e-005	-0,64	
			6,06e-005	-0,64	
			6,07e-005	-0,64	
			6,08e-005	-0,64	
			6,09e-005	-0,64	
			6,1e-005	-0,64	
			6,11e-005	-0,64	
			6,12e-005	-0,64	
			6,13e-005	-0,64	
			6,14e-005	-0,62	
			6,15e-005	-0,62	
			6,16e-005	-0,62	
			6,17e-005	-0,62	
			6,18e-005	-0,62	
			6,19e-005	-0,62	
			6,2e-005	-0,62	
			6,21e-005	-0,62	
			6,22e-005	-0,62	
			6,23e-005	-0,6	
			6,24e-005	-0,6	
			6,25e-005	-0,6	
			6,26e-005	-0,6	
			6,27e-005	-0,6	
			6,28e-005	-0,6	
			6,29e-005	-0,6	
			6,3e-005	-0,58	
			6,31e-005	-0,58	
			6,32e-005	-0,58	
			6,33e-005	-0,58	
			6,34e-005	-0,58	
			6,35e-005	-0,58	
			6,36e-005	-0,58	
			6,37e-005	-0,58	
			6,38e-005	-0,56	
			6,39e-005	-0,56	
			6,4e-005	-0,56	
			6,41e-005	-0,56	
			6,42e-005	-0,56	
			6,43e-005	-0,56	
			6,44e-005	-0,54	
			6,45e-005	-0,54	
			6,46e-005	-0,54	
			6,47e-005	-0,54	
			6,48e-005	-0,54	
			6,49e-005	-0,54	
			6,5e-005	-0,52	
			6,51e-005	-0,52	
			6,52e-005	-0,52	
			6,53e-005	-0,52	
			6,54e-005	-0,52	
			6,55e-005	-0,52	
			6,56e-005	-0,5	
			6,57e-005	-0,5	
			6,58e-005	-0,5	
			6,59e-005	-0,5	
			6,6e-005	-0,5	
			6,61e-005	-0,48	
			6,62e-005	-0,48	
			6,63e-005	-0,48	
			6,64e-005	-0,48	
			6,65e-005	-0,48	
			6,66e-005	-0,46	
			6,67e-005	-0,46	
			6,68e-005	-0,46	
			6,69e-005	-0,46	
			6,7e-005	-0,46	
			6,71e-005	-0,44	
			6,72e-005	-0,44	
			6,73e-005	-0,44	
			6,74e-005	-0,44	
			6,75e-005	-0,44	
			6,76e-005	-0,42	
			6,77e-005	-0,42	
			6,78e-005	-0,42	
			6,79e-005	-0,42	
			6,8e-005	-0,42	
			6,81e-005	-0,4	
			6,82e-005	-0,4	
			6,83e-005	-0,4	
			6,84e-005	-0,4	
			6,85e-005	-0,38	
			6,86e-005	-0,38	
			6,87e-005	-0,38	
			6,88e-005	-0,38	
			6,89e-005	-0,36	
			6,9e-005	-0,36	
			6,91e-005	-0,36	
			6,92e-005	-0,36	
			6,93e-005	-0,34	
			6,94e-005	-0,34	
			6,95e-005	-0,34	
			6,96e-005	-0,34	
			6,97e-005	-0,34	
			6,98e-005	-0,32	
			6,99e-005	-0,32	
			7e-005	-0,32	
			7,01e-005	-0,32	
			7,02e-005	-0,3	
			7,03e-005	-0,3	
			7,04e-005	-0,3	
			7,05e-005	-0,28	
			7,06e-005	-0,28	
			7,07e-005	-0,28	
			7,08e-005	-0,28	
			7,09e-005	-0,26	
			7,1e-005	-0,26	
			7,11e-005	-0,26	
			7,12e-005	-0,26	
			7,13e-005	-0,24	
			7,14e-005	-0,24	
			7,15e-005	-0,24	
			7,16e-005	-0,24	
			7,17e-005	-0,22	
			7,18e-005	-0,22	
			7,19e-005	-0,22	
			7,2e-005	-0,22	
			7,21e-005	-0,2	
			7,22e-005	-0,2	
			7,23e-005	-0,2	
			7,24e-005	-0,18	
			7,25e-005	-0,18	
			7,26e-005	-0,18	
			7,27e-005	-0,18	
			7,28e-005	-0,16	
			7,29e-005	-0,16	
			7,3e-005	-0,16	
			7,31e-005	-0,16	
			7,32e-005	-0,14	
			7,33e-005	-0,14	
			7,34e-005	-0,14	
			7,35e-005	-0,12	
			7,36e-005	-0,12	
			7,37e-005	-0,12	
			7,38e-005	-0,12	
			7,39e-005	-0,1	
			7,4e-005	-0,1	
			7,41e-005	-0,1	
			7,42e-005	-0,08	
			7,43e-005	-0,08	
			7,44e-005	-0,08	
			7,45e-005	-0,08	
			7,46e-005	-0,06	
			7,47e-005	-0,06	
			7,48e-005	-0,06	
			7,49e-005	-0,04	
			7,5e-005	-0,04	
			7,51e-005	-0,04	
			7,52e-005	-0,04	
			7,53e-005	-0,02	
			7,54e-005	-0,02	
			7,55e-005	-0,02	
			7,56e-005	0	
			7,57e-005	0	
			7,58e-005	0	
			7,59e-005	0	
			7,6e-005	0,02	
			7,61e-005	0,02	
			7,62e-005	0,02	
			7,63e-005	0,04	
			7,64e-005	0,04	
			7,65e-005	0,04	
			7,66e-005	0,04	
			7,67e-005	0,06	
			7,68e-005	0,06	
			7,69e-005	0,06	
			7,7e-005	0,08	
			7,71e-005	0,08	
			7,72e-005	0,08	
			7,73e-005	0,1	
			7,74e-005	0,1	
			7,75e-005	0,1	
			7,76e-005	0,1	
			7,77e-005	0,12	
			7,78e-005	0,12	
			7,79e-005	0,12	
			7,8e-005	0,14	
			7,81e-005	0,14	
			7,82e-005	0,14	
			7,83e-005	0,14	
			7,84e-005	0,16	
			7,85e-005	0,16	
			7,86e-005	0,16	
			7,87e-005	0,16	
			7,88e-005	0,18	
			7,89e-005	0,18	
			7,9e-005	0,18	
			7,91e-005	0,2	
			7,92e-005	0,2	
			7,93e-005	0,2	
			7,94e-005	0,2	
			7,95e-005	0,22	
			7,96e-005	0,22	
			7,97e-005	0,22	
			7,98e-005	0,24	
			7,99e-005	0,24	
			8e-005	0,24	
			8,01e-005	0,24	
			8,02e-005	0,26	
			8,03e-005	0,26	
			8,04e-005	0,26	
			8,05e-005	0,26	
			8,06e-005	0,28	
			8,07e-005	0,28	
			8,08e-005	0,28	
			8,09e-005	0,3	
			8,1e-005	0,3	
			8,11e-005	0,3	
			8,12e-005	0,3	
			8,13e-005	0,32	
			8,14e-005	0,32	
			8,15e-005	0,32	
			8,16e-005	0,32	
			8,17e-005	0,34	
			8,18e-005	0,34	
			8,19e-005	0,34	
			8,2e-005	0,34	
			8,21e-005	0,36	
			8,22e-005	0,36	
			8,23e-005	0,36	
			8,24e-005	0,36	
			8,25e-005	0,38	
			8,26e-005	0,38	
			8,27e-005	0,38	
			8,28e-005	0,38	
			8,29e-005	0,4	
			8,3e-005	0,4	
			8,31e-005	0,4	
			8,32e-005	0,4	
			8,33e-005	0,4	
			8,34e-005	0,42	
			8,35e-005	0,42	
			8,36e-005	0,42	
			8,37e-005	0,42	
			8,38e-005	0,44	
			8,39e-005	0,44	
			8,4e-005	0,44	
			8,41e-005	0,44	
			8,42e-005	0,46	
			8,43e-005	0,46	
			8,44e-005	0,46	
			8,45e-005	0,46	
			8,46e-005	0,48	
			8,47e-005	0,48	
			8,48e-005	0,48	
			8,49e-005	0,48	
			8,5e-005	0,48	
			8,51e-005	0,5	
			8,52e-005	0,5	
			8,53e-005	0,5	
			8,54e-005	0,5	
			8,55e-005	0,52	
			8,56e-005	0,52	
			8,57e-005	0,52	
			8,58e-005	0,52	
			8,59e-005	0,52	
			8,6e-005	0,52	
			8,61e-005	0,54	
			8,62e-005	0,54	
			8,63e-005	0,54	
			8,64e-005	0,54	
			8,65e-005	0,54	
			8,66e-005	0,56	
			8,67e-005	0,56	
			8,68e-005	0,56	
			8,69e-005	0,56	
			8,7e-005	0,56	
			8,71e-005	0,56	
			8,72e-005	0,58	
			8,73e-005	0,58	
			8,74e-005	0,58	
			8,75e-005	0,58	
			8,76e-005	0,58	
			8,77e-005	0,58	
			8,78e-005	0,6	
			8,79e-005	0,6	
			8,8e-005	0,6	
			8,81e-005	0,6	
			8,82e-005	0,6	
			8,83e-005	0,6	
			8,84e-005	0,62	
			8,85e-005	0,62	
			8,86e-005	0,62	
			8,87e-005	0,62	
			8,88e-005	0,62	
			8,89e-005	0,62	
			8,9e-005	0,64	
			8,91e-005	0,64	
			8,92e-005	0,64	
			8,93e-005	0,64	
			8,94e-005	0,64	
			8,95e-005	0,64	
			8,96e-005	0,64	
			8,97e-005	0,64	
			8,98e-005	0,66	
			8,99e-005	0,66	
			9e-005	0,66	
			9,01e-005	0,66	
			9,02e-005	0,66	
			9,03e-005	0,66	
			9,04e-005	0,66	
			9,05e-005	0,66	
			9,06e-005	0,66	
			9,07e-005	0,68	
			9,08e-005	0,68	
			9,09e-005	0,68	
			9,1e-005	0,68	
			9,11e-005	0,68	
			9,12e-005	0,68	
			9,13e-005	0,68	
			9,14e-005	0,68	
			9,15e-005	0,68	
			9,16e-005	0,68	
			9,17e-005	0,68	
			9,18e-005	0,68	
			9,19e-005	0,7	
			9,2e-005	0,7	
			9,21e-005	0,7	
			9,22e-005	0,7	
			9,23e-005	0,7	
			9,24e-005	0,7	
			9,25e-005	0,7	
			9,26e-005	0,7	
			9,27e-005	0,7	
			9,28e-005	0,7	
			9,29e-005	0,7	
			9,3e-005	0,7	
			9,31e-005	0,7	
			9,32e-005	0,7	
			9,33e-005	0,7	
			9,34e-005	0,7	
			9,35e-005	0,7	
			9,36e-005	0,7	
			9,37e-005	0,7	
			9,38e-005	0,72	
			9,39e-005	0,72	
			9,4e-005	0,72	
			9,41e-005	0,72	
			9,42e-005	0,72	
			9,43e-005	0,72	
			9,44e-005	0,72	
			9,45e-005	0,72	
			9,46e-005	0,72	
			9,47e-005	0,72	
			9,48e-005	0,72	
			9,49e-005	0,72	
			9,5e-005	0,72	
			9,51e-005	0,72	
			9,52e-005	0,72	
			9,53e-005	0,72	
			9,54e-005	0,72	
			9,55e-005	0,72	
			9,56e-005	0,72	
			9,57e-005	0,72	
			9,58e-005	0,72	
			9,59e-005	0,72	
			9,6e-005	0,72	
			9,61e-005	0,72	
			9,62e-005	0,72	
			9,63e-005	0,72	
			9,64e-005	0,7	
			9,65e-005	0,7	
			9,66e-005	0,7	
			9,67e-005	0,7	
			9,68e-005	0,7	
			9,69e-005	0,7	
			9,7e-005	0,7	
			9,71e-005	0,7	
			9,72e-005	0,7	
			9,73e-005	0,7	
			9,74e-005	0,7	
			9,75e-005	0,7	
			9,76e-005	0,7	
			9,77e-005	0,7	
			9,78e-005	0,7	
			9,79e-005	0,7	
			9,8e-005	0,7	
			9,81e-005	0,7	
			9,82e-005	0,7	
			9,83e-005	0,7	
			9,84e-005	0,68	
			9,85e-005	0,68	
			9,86e-005	0,68	
			9,87e-005	0,68	
			9,88e-005	0,68	
			9,89e-005	0,68	
			9,9e-005	0,68	
			9,91e-005	0,68	
			9,92e-005	0,68	
			9,93e-005	0,68	
			9,94e-005	0,68	
			9,95e-005	0,68	
			9,96e-005	0,66	
			9,97e-005	0,66	
			9,98e-005	0,66	
			9,99e-005	0,66	
			0,0001	0,66	
			0,0001001	0,66	
			0,0001002	0,66	
			0,0001003	0,66	
			0,0001004	0,66	
			0,0001005	0,64	
			0,0001006	0,64	
			0,0001007	0,64	
			0,0001008	0,64	
			0,0001009	0,64	
			0,000101	0,64	
			0,0001011	0,64	
			0,0001012	0,64	
			0,0001013	0,62	
			0,0001014	0,62	
			0,0001015	0,62	
			0,0001016	0,62	
			0,0001017	0,62	
			0,0001018	0,62	
			0,0001019	0,6	
			0,000102	0,6	
			0,0001021	0,6	
			0,0001022	0,6	
			0,0001023	0,6	
			0,0001024	0,6	
			0,0001025	0,6	
			0,0001026	0,58	
			0,0001027	0,58	
			0,0001028	0,58	
			0,0001029	0,58	
			0,000103	0,58	
			0,0001031	0,58	
			0,0001032	0,56	
			0,0001033	0,56	
			0,0001034	0,56	
			0,0001035	0,56	
			0,0001036	0,56	
			0,0001037	0,56	
			0,0001038	0,54	
			0,0001039	0,54	
			0,000104	0,54	
			0,0001041	0,54	
			0,0001042	0,54	
			0,0001043	0,54	
			0,0001044	0,52	
			0,0001045	0,52	
			0,0001046	0,52	
			0,0001047	0,52	
			0,0001048	0,52	
			0,0001049	0,5	
			0,000105	0,5	
			0,0001051	0,5	
			0,0001052	0,5	
			0,0001053	0,5	
			0,0001054	0,48	
			0,0001055	0,48	
			0,0001056	0,48	
			0,0001057	0,48	
			0,0001058	0,48	
			0,0001059	0,46	
			0,000106	0,46	
			0,0001061	0,46	
			0,0001062	0,46	
			0,0001063	0,44	
			0,0001064	0,44	
			0,0001065	0,44	
			0,0001066	0,44	
			0,0001067	0,44	
			0,0001068	0,42	
			0,0001069	0,42	
			0,000107	0,42	
			0,0001071	0,42	
			0,0001072	0,4	
			0,0001073	0,4	
			0,0001074	0,4	
			0,0001075	0,4	
			0,0001076	0,38	
			0,0001077	0,38	
			0,0001078	0,38	
			0,0001079	0,38	
			0,000108	0,36	
			0,0001081	0,36	
			0,0001082	0,36	
			0,0001083	0,36	
			0,0001084	0,36	
			0,0001085	0,34	
			0,0001086	0,34	
			0,0001087	0,34	
			0,0001088	0,34	
			0,0001089	0,32	
			0,000109	0,32	
			0,0001091	0,32	
			0,0001092	0,32	
			0,0001093	0,3	
			0,0001094	0,3	
			0,0001095	0,3	
			0,0001096	0,3	
			0,0001097	0,28	
			0,0001098	0,28	
			0,0001099	0,28	
			0,00011	0,28	
			0,0001101	0,26	
			0,0001102	0,26	
			0,0001103	0,26	
			0,0001104	0,26	
			0,0001105	0,24	
			0,0001106	0,24	
			0,0001107	0,24	
			0,0001108	0,22	
			0,0001109	0,22	
			0,000111	0,22	
			0,0001111	0,22	
			0,0001112	0,2	
			0,0001113	0,2	
			0,0001114	0,2	
			0,0001115	0,18	
			0,0001116	0,18	
			0,0001117	0,18	
			0,0001118	0,18	
			0,0001119	0,16	
			0,000112	0,16	
			0,0001121	0,16	
			0,0001122	0,16	
			0,0001123	0,14	
			0,0001124	0,14	
			0,0001125	0,14	
			0,0001126	0,12	
			0,0001127	0,12	
			0,0001128	0,12	
			0,0001129	0,12	
			0,000113	0,1	
			0,0001131	0,1	
			0,0001132	0,1	
			0,0001133	0,1	
			0,0001134	0,08	
			0,0001135	0,08	
			0,0001136	0,08	
			0,0001137	0,06	
			0,0001138	0,06	
			0,0001139	0,06	
			0,000114	0,06	
			0,0001141	0,04	
			0,0001142	0,04	
			0,0001143	0,04	
			0,0001144	0,02	
			0,0001145	0,02	
			0,0001146	0,02	
			0,0001147	0,02	
			0,0001148	0	
			0,0001149	0	
			0,000115	0	
			0,0001151	-0,02	
			0,0001152	-0,02	
			0,0001153	-0,02	
			0,0001154	-0,02	
			0,0001155	-0,04	
			0,0001156	-0,04	
			0,0001157	-0,04	
			0,0001158	-0,04	
			0,0001159	-0,06	
			0,000116	-0,06	
			0,0001161	-0,06	
			0,0001162	-0,08	
			0,0001163	-0,08	
			0,0001164	-0,08	
			0,0001165	-0,08	
			0,0001166	-0,1	
			0,0001167	-0,1	
			0,0001168	-0,1	
			0,0001169	-0,12	
			0,000117	-0,12	
			0,0001171	-0,12	
			0,0001172	-0,12	
			0,0001173	-0,14	
			0,0001174	-0,14	
			0,0001175	-0,14	
			0,0001176	-0,16	
			0,0001177	-0,16	
			0,0001178	-0,16	
			0,0001179	-0,16	
			0,000118	-0,18	
			0,0001181	-0,18	
			0,0001182	-0,18	
			0,0001183	-0,18	
			0,0001184	-0,2	
			0,0001185	-0,2	
			0,0001186	-0,2	
			0,0001187	-0,22	
			0,0001188	-0,22	
			0,0001189	-0,22	
			0,000119	-0,22	
			0,0001191	-0,24	
			0,0001192	-0,24	
			0,0001193	-0,24	
			0,0001194	-0,24	
			0,0001195	-0,26	
			0,0001196	-0,26	
			0,0001197	-0,26	
			0,0001198	-0,26	
			0,0001199	-0,28	
			0,00012	-0,28	
			0,0001201	-0,28	
			0,0001202	-0,28	
			0,0001203	-0,3	
			0,0001204	-0,3	
			0,0001205	-0,3	
			0,0001206	-0,3	
			0,0001207	-0,32	
			0,0001208	-0,32	
			0,0001209	-0,32	
			0,000121	-0,32	
			0,0001211	-0,34	
			0,0001212	-0,34	
			0,0001213	-0,34	
			0,0001214	-0,34	
			0,0001215	-0,36	
			0,0001216	-0,36	
			0,0001217	-0,36	
			0,0001218	-0,36	
			0,0001219	-0,38	
			0,000122	-0,38	
			0,0001221	-0,38	
			0,0001222	-0,38	
			0,0001223	-0,4	
			0,0001224	-0,4	
			0,0001225	-0,4	
			0,0001226	-0,4	
			0,0001227	-0,4	
			0,0001228	-0,42	
			0,0001229	-0,42	
			0,000123	-0,42	
			0,0001231	-0,42	
			0,0001232	-0,42	
			0,0001233	-0,44	
			0,0001234	-0,44	
			0,0001235	-0,44	
			0,0001236	-0,44	
			0,0001237	-0,46	
			0,0001238	-0,46	
			0,0001239	-0,46	
			0,000124	-0,46	
			0,0001241	-0,46	
			0,0001242	-0,48	
			0,0001243	-0,48	
			0,0001244	-0,48	
			0,0001245	-0,48	
			0,0001246	-0,48	
			0,0001247	-0,5	
			0,0001248	-0,5	
			0,0001249	-0,5	
