0.00029399999767	1.28	1.00E-06	0.01
0.00029419999919	1.28	1.00E-06	0.01
0.00029440000071	1.28	1.00E-06	0.01
0.00029460000223	1.28	1.00E-06	0.01
0.00029480000376	1.28	1.00E-06	0.01
0.00029500000528	1.28	1.00E-06	0.01
0.0002952000068	1.28	1.00E-06	0.01
0.00029540000833	1.28	1.00E-06	0.01
0.00029560000985	1.28	1.00E-06	0.01
0.00029580001137	1.28	1.00E-06	0.01
0.00029599998379	1.28	1.00E-06	0.01
0.00029619998531	1.28	1.00E-06	0.01
0.00029639998684	1.28	1.00E-06	0.01
0.00029659998836	1.28	1.00E-06	0.01
0.00029679998988	1.28	1.00E-06	0.01
0.00029699999141	1.28	1.00E-06	0.01
0.00029719999293	1.28	1.00E-06	0.01
0.00029739999445	1.28	1.00E-06	0.01
0.00029759999597	1.28	1.00E-06	0.01
0.0002977999975	1.28	1.00E-06	0.01
0.00029799999902	1.28	1.00E-06	0.01
0.00029820000054	1.28	1.00E-06	0.01
0.00029840000207	1.28	1.00E-06	0.01
0.00029860000359	1.28	1.00E-06	0.01
0.00029880000511	1.28	1.00E-06	0.01
0.00029900000663	1.28	1.00E-06	0.01
0.00029920000816	1.28	1.00E-06	0.01
0.00029940000968	1.28	1.00E-06	0.01
0.0002996000112	1.28	1.00E-06	0.01
0.00029979998362	1.28	1.00E-06	0.01
0.00029999998515	1.28	1.00E-06	0.01
0.00030019998667	1.28	1.00E-06	0.01
0.00030039998819	1.28	1.00E-06	0.01
0.00030059998971	1.28	1.00E-06	0.01
0.00030079999124	1.28	1.00E-06	0.01
0.00030099999276	1.28	1.00E-06	0.01
0.00030119999428	1.28	1.00E-06	0.01
0.00030139999581	1.28	1.00E-06	0.01
0.00030159999733	1.28	1.00E-06	0.01
0.00030179999885	1.28	1.00E-06	0.01
0.00030200000037	1.28	1.00E-06	0.01
0.0003022000019	1.28	1.00E-06	0.01
0.00030240000342	1.28	1.00E-06	0.01
0.00030260000494	1.28	1.00E-06	0.01
0.00030280000647	1.28	1.00E-06	0.01
0.00030300000799	1.28	1.00E-06	0.01
0.00030320000951	1.28	1.00E-06	0.01
0.00030340001103	1.28	1.00E-06	0.01
0.00030359998345	1.28	1.00E-06	0.01
0.00030379998498	1.28	1.00E-06	0.01
0.0003039999865	1.28	1.00E-06	0.01
0.00030419998802	1.28	1.00E-06	0.01
0.00030439998955	1.28	1.00E-06	0.01
0.00030459999107	1.28	1.00E-06	0.01
0.00030479999259	1.28	1.00E-06	0.01
0.00030499999411	1.28	1.00E-06	0.01
0.00030519999564	1.28	1.00E-06	0.01
0.00030539999716	1.28	1.00E-06	0.01
0.00030559999868	1.28	1.00E-06	0.01
0.00030580000021	1.28	1.00E-06	0.01
0.00030600000173	1.28	1.00E-06	0.01
0.00030620000325	1.28	1.00E-06	0.01
0.00030640000477	1.28	1.00E-06	0.01
0.0003066000063	1.28	1.00E-06	0.01
0.00030680000782	1.28	1.00E-06	0.01
0.00030700000934	1.28	1.00E-06	0.01
0.00030720001087	1.28	1.00E-06	0.01
0.00030739998328	1.28	1.00E-06	0.01
0.00030759998481	1.28	1.00E-06	0.01
0.00030779998633	1.28	1.00E-06	0.01
0.00030799998785	1.28	1.00E-06	0.01
0.00030819998938	1.28	1.00E-06	0.01
0.0003083999909	1.28	1.00E-06	0.01
0.00030859999242	1.28	1.00E-06	0.01
0.00030879999395	1.28	1.00E-06	0.01
0.00030899999547	1.28	1.00E-06	0.01
0.00030919999699	1.28	1.00E-06	0.01
0.00030939999851	1.28	1.00E-06	0.01
0.00030960000004	1.28	1.00E-06	0.01
0.00030980000156	1.28	1.00E-06	0.01
0.00031000000308	1.28	1.00E-06	0.01
0.00031020000461	1.28	1.00E-06	0.01
0.00031040000613	1.28	1.00E-06	0.01
0.00031060000765	1.28	1.00E-06	0.01
0.00031080000917	1.28	1.00E-06	0.01
0.0003110000107	1.28	1.00E-06	0.01
0.00031120001222	1.28	1.00E-06	0.01
0.00031139998464	1.28	1.00E-06	0.01
0.00031159998616	1.28	1.00E-06	0.01
0.00031179998768	1.28	1.00E-06	0.01
0.00031199998921	1.28	1.00E-06	0.01
0.00031219999073	1.28	1.00E-06	0.01
0.00031239999225	1.28	1.00E-06	0.01
0.00031259999378	1.28	1.00E-06	0.01
0.0003127999953	1.28	1.00E-06	0.01
0.00031299999682	1.28	1.00E-06	0.01
0.00031319999835	1.28	1.00E-06	0.01
0.00031339999987	1.28	1.00E-06	0.01
0.00031360000139	1.28	1.00E-06	0.01
0.00031380000291	1.28	1.00E-06	0.01
0.00031400000444	1.28	1.00E-06	0.01
0.00031420000596	1.28	1.00E-06	0.01
0.00031440000748	1.28	1.00E-06	0.01
0.00031460000901	1.28	1.00E-06	0.01
0.00031480001053	1.28	1.00E-06	0.01
0.00031500001205	1.28	1.00E-06	0.01
0.00031519998447	1.28	1.00E-06	0.01
0.00031539998599	1.28	1.00E-06	0.01
0.00031559998752	1.28	1.00E-06	0.01
0.00031579998904	1.28	1.00E-06	0.01
0.00031599999056	1.28	1.00E-06	0.01
0.00031619999208	1.28	1.00E-06	0.01
0.00031639999361	1.28	1.00E-06	0.01
0.00031659999513	1.28	1.00E-06	0.01
0.00031679999665	1.28	1.00E-06	0.01
0.00031699999818	1.28	1.00E-06	0.01
0.0003171999997	1.28	1.00E-06	0.01
0.00031740000122	1.28	1.00E-06	0.01
0.00031760000275	1.28	1.00E-06	0.01
0.00031780000427	1.28	1.00E-06	0.01
0.00031800000579	1.28	1.00E-06	0.01
0.00031820000731	1.28	1.00E-06	0.01
0.00031840000884	1.28	1.00E-06	0.01
0.00031860001036	1.28	1.00E-06	0.01
0.00031880001188	1.28	1.00E-06	0.01
0.0003189999843	1.28	1.00E-06	0.01
0.00031919998582	1.28	1.00E-06	0.01
0.00031939998735	1.28	1.00E-06	0.01
0.00031959998887	1.28	1.00E-06	0.01
0.00031979999039	1.28	1.00E-06	0.01
0.00031999999192	1.28	1.00E-06	0.01
0.00032019999344	1.28	1.00E-06	0.01
0.00032039999496	1.28	1.00E-06	0.01
0.00032059999648	1.28	1.00E-06	0.01
0.00032079999801	1.28	1.00E-06	0.01
0.00032099999953	1.28	1.00E-06	0.01
0.00032120000105	1.28	1.00E-06	0.01
0.00032140000258	1.28	1.00E-06	0.01
0.0003216000041	1.28	1.00E-06	0.01
0.00032180000562	1.28	1.00E-06	0.01
0.00032200000715	1.28	1.00E-06	0.01
0.00032220000867	1.28	1.00E-06	0.01
0.00032240001019	1.28	1.00E-06	0.01
0.00032260001171	1.28	1.00E-06	0.01
0.00032279998413	1.28	1.00E-06	0.01
0.00032299998566	1.28	1.00E-06	0.01
0.00032319998718	1.28	1.00E-06	0.01
0.0003233999887	1.28	1.00E-06	0.01
0.00032359999022	1.28	1.00E-06	0.01
0.00032379999175	1.28	1.00E-06	0.01
0.00032399999327	1.28	1.00E-06	0.01
0.00032419999479	1.24	1.00E-06	0.01
0.00032439999632	1.28	1.00E-06	0.01
0.00032459999784	1.24	1.00E-06	0.01
0.00032479999936	1.24	1.00E-06	0.01
0.00032500000088	1.28	1.00E-06	0.01
0.00032520000241	1.28	1.00E-06	0.01
0.00032540000393	1.28	1.00E-06	0.01
0.00032560000545	1.28	1.00E-06	0.01
0.00032580000698	1.28	1.00E-06	0.01
0.0003260000085	1.28	1.00E-06	0.01
0.00032620001002	1.28	1.00E-06	0.01
0.00032640001155	1.28	1.00E-06	0.01
0.00032659998396	1.28	1.00E-06	0.01
0.00032679998549	1.28	1.00E-06	0.01
0.00032699998701	1.28	1.00E-06	0.01
0.00032719998853	1.28	1.00E-06	0.01
0.00032739999006	1.24	1.00E-06	0.01
0.00032759999158	1.28	1.00E-06	0.01
0.0003277999931	1.28	1.00E-06	0.01
0.00032799999462	1.28	1.00E-06	0.01
0.00032819999615	1.24	1.00E-06	0.01
0.00032839999767	1.24	1.00E-06	0.01
0.00032859999919	1.28	1.00E-06	0.01
0.00032880000072	1.24	1.00E-06	0.01
0.00032900000224	1.28	1.00E-06	0.01
0.00032920000376	1.28	1.00E-06	0.01
0.00032940000528	1.28	1.00E-06	0.01
0.00032960000681	1.28	1.00E-06	0.01
0.00032980000833	1.28	1.00E-06	0.01
0.00033000000985	1.28	1.00E-06	0.01
0.00033020001138	1.28	1.00E-06	0.01
0.0003303999838	1.28	1.00E-06	0.01
0.00033059998532	1.28	1.00E-06	0.01
0.00033079998684	1.28	1.00E-06	0.01
0.00033099998836	1.28	1.00E-06	0.01
0.00033119998989	1.28	1.00E-06	0.01
0.00033139999141	1.24	1.00E-06	0.01
0.00033159999293	1.28	1.00E-06	0.01
0.00033179999446	1.28	1.00E-06	0.01
0.00033199999598	1.28	1.00E-06	0.01
0.0003321999975	1.24	1.00E-06	0.01
0.00033239999902	1.28	1.00E-06	0.01
0.00033260000055	1.28	1.00E-06	0.01
0.00033280000207	1.28	1.00E-06	0.01
0.00033300000359	1.28	1.00E-06	0.01
0.00033320000512	1.28	1.00E-06	0.01
0.00033340000664	1.28	1.00E-06	0.01
0.00033360000816	1.28	1.00E-06	0.01
0.00033380000968	1.28	1.00E-06	0.01
0.00033400001121	1.28	1.00E-06	0.01
0.00033419998363	1.28	1.00E-06	0.01
0.00033439998515	1.28	1.00E-06	0.01
0.00033459998667	1.28	1.00E-06	0.01
0.0003347999882	1.28	1.00E-06	0.01
0.00033499998972	1.28	1.00E-06	0.01
0.00033519999124	1.28	1.00E-06	0.01
0.00033539999276	1.28	1.00E-06	0.01
0.00033559999429	1.28	1.00E-06	0.01
0.00033579999581	1.28	1.00E-06	0.01
0.00033599999733	1.28	1.00E-06	0.01
0.00033619999886	1.28	1.00E-06	0.01
0.00033640000038	1.28	1.00E-06	0.01
0.0003366000019	1.28	1.00E-06	0.01
0.00033680000342	1.28	1.00E-06	0.01
0.00033700000495	1.28	1.00E-06	0.01
0.00033720000647	1.28	1.00E-06	0.01
0.00033740000799	1.28	1.00E-06	0.01
0.00033760000952	1.28	1.00E-06	0.01
0.00033780001104	1.28	1.00E-06	0.01
0.00033800001256	1.28	1.00E-06	0.01
0.00033819998498	1.28	1.00E-06	0.01
0.0003383999865	1.28	1.00E-06	0.01
0.00033859998803	1.28	1.00E-06	0.01
0.00033879998955	1.28	1.00E-06	0.01
0.00033899999107	1.28	1.00E-06	0.01
0.0003391999926	1.28	1.00E-06	0.01
0.00033939999412	1.28	1.00E-06	0.01
0.00033959999564	1.28	1.00E-06	0.01
0.00033979999716	1.28	1.00E-06	0.01
0.00033999999869	1.28	1.00E-06	0.01
0.00034020000021	1.28	1.00E-06	0.01
0.00034040000173	1.28	1.00E-06	0.01
0.00034060000326	1.28	1.00E-06	0.01
0.00034080000478	1.24	1.00E-06	0.01
0.0003410000063	1.28	1.00E-06	0.01
0.00034120000782	1.28	1.00E-06	0.01
0.00034140000935	1.28	1.00E-06	0.01
0.00034160001087	1.28	1.00E-06	0.01
0.00034180001239	1.28	1.00E-06	0.01
0.00034199998481	1.28	1.00E-06	0.01
0.00034219998633	1.28	1.00E-06	0.01
0.00034239998786	1.28	1.00E-06	0.01
0.00034259998938	1.28	1.00E-06	0.01
0.0003427999909	1.28	1.00E-06	0.01
0.00034299999243	1.28	1.00E-06	0.01
0.00034319999395	1.28	1.00E-06	0.01
0.00034339999547	1.28	1.00E-06	0.01
0.000343599997	1.28	1.00E-06	0.01
0.00034379999852	1.28	1.00E-06	0.01
0.00034400000004	1.24	1.00E-06	0.01
0.00034420000156	1.24	1.00E-06	0.01
0.00034440000309	1.28	1.00E-06	0.01
0.00034460000461	1.24	1.00E-06	0.01
0.00034480000613	1.28	1.00E-06	0.01
0.00034500000766	1.28	1.00E-06	0.01
0.00034520000918	1.28	1.00E-06	0.01
0.0003454000107	1.24	1.00E-06	0.01
0.00034560001222	1.28	1.00E-06	0.01
0.00034579998464	1.28	1.00E-06	0.01
0.00034599998617	1.28	1.00E-06	0.01
0.00034619998769	1.28	1.00E-06	0.01
0.00034639998921	1.28	1.00E-06	0.01
0.00034659999073	1.28	1.00E-06	0.01
0.00034679999226	1.28	1.00E-06	0.01
0.00034699999378	1.28	1.00E-06	0.01
0.0003471999953	1.28	1.00E-06	0.01
0.00034739999683	1.24	1.00E-06	0.01
0.00034759999835	1.24	1.00E-06	0.01
0.00034779999987	1.28	1.00E-06	0.01
0.0003480000014	1.28	1.00E-06	0.01
0.00034820000292	1.28	1.00E-06	0.01
0.00034840000444	1.28	1.00E-06	0.01
0.00034860000596	1.28	1.00E-06	0.01
0.00034880000749	1.28	1.00E-06	0.01
0.00034900000901	1.28	1.00E-06	0.01
0.00034920001053	1.28	1.00E-06	0.01
0.00034940001206	1.28	1.00E-06	0.01
0.00034959998447	1.28	1.00E-06	0.01
0.000349799986	1.28	1.00E-06	0.01
0.00034999998752	1.28	1.00E-06	0.01
0.00035019998904	1.28	1.00E-06	0.01
0.00035039999057	1.28	1.00E-06	0.01
0.00035059999209	1.28	1.00E-06	0.01
0.00035079999361	1.28	1.00E-06	0.01
0.00035099999513	1.28	1.00E-06	0.01
0.00035119999666	1.28	1.00E-06	0.01
0.00035139999818	1.28	1.00E-06	0.01
0.0003515999997	1.28	1.00E-06	0.01
0.00035180000123	1.28	1.00E-06	0.01
0.00035200000275	1.28	1.00E-06	0.01
0.00035220000427	1.28	1.00E-06	0.01
0.0003524000058	1.28	1.00E-06	0.01
0.00035260000732	1.28	1.00E-06	0.01
0.00035280000884	1.28	1.00E-06	0.01
0.00035300001036	1.28	1.00E-06	0.01
0.00035320001189	1.28	1.00E-06	0.01
0.00035339998431	1.28	1.00E-06	0.01
0.00035359998583	1.28	1.00E-06	0.01
0.00035379998735	1.28	1.00E-06	0.01
0.00035399998887	1.28	1.00E-06	0.01
0.0003541999904	1.28	1.00E-06	0.01
0.00035439999192	1.28	1.00E-06	0.01
0.00035459999344	1.28	1.00E-06	0.01
0.00035479999497	1.28	1.00E-06	0.01
0.00035499999649	1.28	1.00E-06	0.01
0.00035519999801	1.28	1.00E-06	0.01
0.00035539999953	1.28	1.00E-06	0.01
0.00035560000106	1.28	1.00E-06	0.01
0.00035580000258	1.28	1.00E-06	0.01
0.0003560000041	1.28	1.00E-06	0.01
0.00035620000563	1.28	1.00E-06	0.01
0.00035640000715	1.28	1.00E-06	0.01
0.00035660000867	1.28	1.00E-06	0.01
0.0003568000102	1.28	1.00E-06	0.01
0.00035700001172	1.28	1.00E-06	0.01
0.00035719998414	1.28	1.00E-06	0.01
0.00035739998566	1.28	1.00E-06	0.01
0.00035759998718	1.28	1.00E-06	0.01
0.00035779998871	1.28	1.00E-06	0.01
0.00035799999023	1.28	1.00E-06	0.01
0.00035819999175	1.28	1.00E-06	0.01
0.00035839999327	1.28	1.00E-06	0.01
0.0003585999948	1.28	1.00E-06	0.01
0.00035879999632	1.28	1.00E-06	0.01
0.00035899999784	1.28	1.00E-06	0.01
0.00035919999937	1.28	1.00E-06	0.01
0.00035940000089	1.28	1.00E-06	0.01
0.00035960000241	1.28	1.00E-06	0.01
0.00035980000393	1.28	1.00E-06	0.01
0.00036000000546	1.28	1.00E-06	0.01
0.00036020000698	1.28	1.00E-06	0.01
0.0003604000085	1.28	1.00E-06	0.01
0.00036060001003	1.28	1.00E-06	0.01
0.00036080001155	1.28	1.00E-06	0.01
0.00036099998397	1.28	1.00E-06	0.01
0.00036119998549	1.28	1.00E-06	0.01
0.00036139998701	1.28	1.00E-06	0.01
0.00036159998854	1.28	1.00E-06	0.01
0.00036179999006	1.28	1.00E-06	0.01
0.00036199999158	1.28	1.00E-06	0.01
0.00036219999311	1.28	1.00E-06	0.01
0.00036239999463	1.28	1.00E-06	0.01
0.00036259999615	1.28	1.00E-06	0.01
0.00036279999767	1.28	1.00E-06	0.01
0.0003629999992	1.28	1.00E-06	0.01
0.00036320000072	1.28	1.00E-06	0.01
0.00036340000224	1.28	1.00E-06	0.01
0.00036360000377	1.28	1.00E-06	0.01
0.00036380000529	1.28	1.00E-06	0.01
0.00036400000681	1.28	1.00E-06	0.01
0.00036420000833	1.28	1.00E-06	0.01
0.00036440000986	1.28	1.00E-06	0.01
0.00036460001138	1.28	1.00E-06	0.01
0.0003648000129	1.28	1.00E-06	0.01
0.00036499998532	1.28	1.00E-06	0.01
0.00036519998685	1.28	1.00E-06	0.01
0.00036539998837	1.28	1.00E-06	0.01
0.00036559998989	1.28	1.00E-06	0.01
0.00036579999141	1.28	1.00E-06	0.01
0.00036599999294	1.28	1.00E-06	0.01
0.00036619999446	1.28	1.00E-06	0.01
0.00036639999598	1.28	1.00E-06	0.01
0.00036659999751	1.28	1.00E-06	0.01
0.00036679999903	1.28	1.00E-06	0.01
0.00036700000055	1.28	1.00E-06	0.01
0.00036720000207	1.28	1.00E-06	0.01
0.0003674000036	1.28	1.00E-06	0.01
0.00036760000512	1.28	1.00E-06	0.01
0.00036780000664	1.28	1.00E-06	0.01
0.00036800000817	1.28	1.00E-06	0.01
0.00036820000969	1.28	1.00E-06	0.01
0.00036840001121	1.28	1.00E-06	0.01
0.00036860001273	1.28	1.00E-06	0.01
0.00036879998515	1.28	1.00E-06	0.01
0.00036899998668	1.28	1.00E-06	0.01
0.0003691999882	1.28	1.00E-06	0.01
0.00036939998972	1.28	1.00E-06	0.01
0.00036959999125	1.28	1.00E-06	0.01
0.00036979999277	1.28	1.00E-06	0.01
0.00036999999429	1.28	1.00E-06	0.01
0.00037019999581	1.28	1.00E-06	0.01
0.00037039999734	1.28	1.00E-06	0.01
0.00037059999886	1.28	1.00E-06	0.01
0.00037080000038	1.28	1.00E-06	0.01
0.00037100000191	1.28	1.00E-06	0.01
0.00037120000343	1.28	1.00E-06	0.01
0.00037140000495	1.28	1.00E-06	0.01
0.00037160000647	1.28	1.00E-06	0.01
0.000371800008	1.28	1.00E-06	0.01
0.00037200000952	1.28	1.00E-06	0.01
0.00037220001104	1.28	1.00E-06	0.01
0.00037240001257	1.28	1.00E-06	0.01
0.00037259998498	1.28	1.00E-06	0.01
0.00037279998651	1.28	1.00E-06	0.01
0.00037299998803	1.28	1.00E-06	0.01
0.00037319998955	1.28	1.00E-06	0.01
0.00037339999108	1.28	1.00E-06	0.01
0.0003735999926	1.28	1.00E-06	0.01
0.00037379999412	1.28	1.00E-06	0.01
0.00037399999565	1.28	1.00E-06	0.01
0.00037419999717	1.28	1.00E-06	0.01
0.00037439999869	1.28	1.00E-06	0.01
0.00037460000021	1.28	1.00E-06	0.01
0.00037480000174	1.28	1.00E-06	0.01
0.00037500000326	1.28	1.00E-06	0.01
0.00037520000478	1.28	1.00E-06	0.01
0.00037540000631	1.28	1.00E-06	0.01
0.00037560000783	1.28	1.00E-06	0.01
0.00037580000935	1.28	1.00E-06	0.01
0.00037600001087	1.28	1.00E-06	0.01
0.0003762000124	1.28	1.00E-06	0.01
0.00037639998482	1.28	1.00E-06	0.01
0.00037659998634	1.28	1.00E-06	0.01
0.00037679998786	1.28	1.00E-06	0.01
0.00037699998938	1.28	1.00E-06	0.01
0.00037719999091	1.28	1.00E-06	0.01
0.00037739999243	1.28	1.00E-06	0.01
0.00037759999395	1.28	1.00E-06	0.01
0.00037779999548	1.28	1.00E-06	0.01
0.000377999997	1.28	1.00E-06	0.01
0.00037819999852	1.28	1.00E-06	0.01
0.00037840000005	1.28	1.00E-06	0.01
0.00037860000157	1.28	1.00E-06	0.01
0.00037880000309	1.28	1.00E-06	0.01
0.00037900000461	1.28	1.00E-06	0.01
0.00037920000614	1.28	1.00E-06	0.01
0.00037940000766	1.28	1.00E-06	0.01
0.00037960000918	1.28	1.00E-06	0.01
0.00037980001071	1.24	1.00E-06	0.01
0.00038000001223	1.28	1.00E-06	0.01
0.00038019998465	1.28	1.00E-06	0.01
0.00038039998617	1.28	1.00E-06	0.01
0.00038059998769	1.28	1.00E-06	0.01
0.00038079998922	1.28	1.00E-06	0.01
0.00038099999074	1.28	1.00E-06	0.01
0.00038119999226	1.28	1.00E-06	0.01
0.00038139999378	1.28	1.00E-06	0.01
0.00038159999531	1.28	1.00E-06	0.01
0.00038179999683	1.28	1.00E-06	0.01
0.00038199999835	1.28	1.00E-06	0.01
0.00038219999988	1.24	1.00E-06	0.01
0.0003824000014	1.24	1.00E-06	0.01
0.00038260000292	1.24	1.00E-06	0.01
0.00038280000445	1.24	1.00E-06	0.01
0.00038300000597	1.24	1.00E-06	0.01
0.00038320000749	1.28	1.00E-06	0.01
0.00038340000901	1.24	1.00E-06	0.01
0.00038360001054	1.24	1.00E-06	0.01
0.00038380001206	1.24	1.00E-06	0.01
0.00038399998448	1.28	1.00E-06	0.01
0.000384199986	1.28	1.00E-06	0.01
0.00038439998752	1.28	1.00E-06	0.01
0.00038459998905	1.28	1.00E-06	0.01
0.00038479999057	1.28	1.00E-06	0.01
0.00038499999209	1.28	1.00E-06	0.01
0.00038519999362	1.28	1.00E-06	0.01
0.00038539999514	1.28	1.00E-06	0.01
0.00038559999666	1.24	1.00E-06	0.01
0.00038579999818	1.28	1.00E-06	0.01
0.00038599999971	1.24	1.00E-06	0.01
0.00038620000123	1.28	1.00E-06	0.01
0.00038640000275	1.28	1.00E-06	0.01
0.00038660000428	1.28	1.00E-06	0.01
0.0003868000058	1.24	1.00E-06	0.01
0.00038700000732	1.28	1.00E-06	0.01
0.00038720000884	1.28	1.00E-06	0.01
0.00038740001037	1.28	1.00E-06	0.01
0.00038760001189	1.28	1.00E-06	0.01
0.00038779998431	1.28	1.00E-06	0.01
0.00038799998583	1.28	1.00E-06	0.01
0.00038819998736	1.28	1.00E-06	0.01
0.00038839998888	1.28	1.00E-06	0.01
0.0003885999904	1.28	1.00E-06	0.01
0.00038879999192	1.28	1.00E-06	0.01
0.00038899999345	1.28	1.00E-06	0.01
0.00038919999497	1.28	1.00E-06	0.01
0.00038939999649	1.28	1.00E-06	0.01
0.00038959999802	1.28	1.00E-06	0.01
0.00038979999954	1.28	1.00E-06	0.01
0.00039000000106	1.28	1.00E-06	0.01
0.00039020000258	1.28	1.00E-06	0.01
0.00039040000411	1.28	1.00E-06	0.01
0.00039060000563	1.28	1.00E-06	0.01
0.00039080000715	1.28	1.00E-06	0.01
0.00039100000868	1.28	1.00E-06	0.01
0.0003912000102	1.28	1.00E-06	0.01
0.00039140001172	1.28	1.00E-06	0.01
0.00039160001324	1.28	1.00E-06	0.01
0.00039179998566	1.28	1.00E-06	0.01
0.00039199998719	1.28	1.00E-06	0.01
0.00039219998871	1.28	1.00E-06	0.01
0.00039239999023	1.28	1.00E-06	0.01
0.00039259999176	1.28	1.00E-06	0.01
0.00039279999328	1.28	1.00E-06	0.01
0.0003929999948	1.28	1.00E-06	0.01
0.00039319999632	1.28	1.00E-06	0.01
0.00039339999785	1.28	1.00E-06	0.01
0.00039359999937	1.28	1.00E-06	0.01
0.00039380000089	1.28	1.00E-06	0.01
0.00039400000242	1.28	1.00E-06	0.01
0.00039420000394	1.28	1.00E-06	0.01
0.00039440000546	1.28	1.00E-06	0.01
0.00039460000698	1.28	1.00E-06	0.01
0.00039480000851	1.28	1.00E-06	0.01
0.00039500001003	1.28	1.00E-06	0.01
0.00039520001155	1.28	1.00E-06	0.01
0.00039540001308	1.28	1.00E-06	0.01
0.0003955999855	1.28	1.00E-06	0.01
0.00039579998702	1.28	1.00E-06	0.01
0.00039599998854	1.28	1.00E-06	0.01
0.00039619999006	1.28	1.00E-06	0.01
0.00039639999159	1.28	1.00E-06	0.01
0.00039659999311	1.28	1.00E-06	0.01
0.00039679999463	1.28	1.00E-06	0.01
0.00039699999616	1.28	1.00E-06	0.01
0.00039719999768	1.24	1.00E-06	0.01
0.0003973999992	1.24	1.00E-06	0.01
0.00039760000072	1.28	1.00E-06	0.01
0.00039780000225	1.28	1.00E-06	0.01
0.00039800000377	1.24	1.00E-06	0.01
0.00039820000529	1.28	1.00E-06	0.01
0.00039840000682	1.28	1.00E-06	0.01
0.00039860000834	1.28	1.00E-06	0.01
0.00039880000986	1.28	1.00E-06	0.01
0.00039900001138	1.28	1.00E-06	0.01
0.00039920001291	1.28	1.00E-06	0.01
0.00039939998533	1.28	1.00E-06	0.01
0.00039959998685	1.28	1.00E-06	0.01
0.00039979998837	1.28	1.00E-06	0.01
0.0003999999899	1.24	1.00E-06	0.01
0.00040019999142	1.24	1.00E-06	0.01
0.00040039999294	1.28	1.00E-06	0.01
0.00040059999446	1.24	1.00E-06	0.01
0.00040079999599	1.24	1.00E-06	0.01
0.00040099999751	1.24	1.00E-06	0.01
0.00040119999903	1.28	1.00E-06	0.01
0.00040140000056	1.24	1.00E-06	0.01
0.00040160000208	1.28	1.00E-06	0.01
0.0004018000036	1.28	1.00E-06	0.01
0.00040200000512	1.28	1.00E-06	0.01
0.00040220000665	1.28	1.00E-06	0.01
0.00040240000817	1.28	1.00E-06	0.01
0.00040260000969	1.28	1.00E-06	0.01
0.00040280001122	1.28	1.00E-06	0.01
0.00040300001274	1.28	1.00E-06	0.01
0.00040319998516	1.28	1.00E-06	0.01
0.00040339998668	1.24	1.00E-06	0.01
0.000403599988203	1.28	1.00E-06	0.01
0.000403799989726	1.28	1.00E-06	0.01
0.000403999991249	1.24	1.00E-06	0.01
0.000404199992772	1.28	1.00E-06	0.01
0.000404399994295	1.28	1.00E-06	0.01
0.000404599995818	1.28	1.00E-06	0.01
0.000404799997341	1.24	1.00E-06	0.01
0.000404999998864	1.28	1.00E-06	0.01
0.000405200000387	1.24	1.00E-06	0.01
0.00040540000191	1.24	1.00E-06	0.01
0.000405600003432	1.24	1.00E-06	0.01
0.000405800004955	1.28	1.00E-06	0.01
0.000406000006478	1.28	1.00E-06	0.01
0.000406200008001	1.28	1.00E-06	0.01
0.000406400009524	1.28	1.00E-06	0.01
0.000406600011047	1.28	1.00E-06	0.01
0.00040680001257	1.28	1.00E-06	0.01
0.000406999984989	1.28	1.00E-06	0.01
0.000407199986512	1.28	1.00E-06	0.01
0.000407399988035	1.28	1.00E-06	0.01
0.000407599989558	1.28	1.00E-06	0.01
0.000407799991081	1.28	1.00E-06	0.01
0.000407999992603	1.28	1.00E-06	0.01
0.000408199994126	1.28	1.00E-06	0.01
0.000408399995649	1.28	1.00E-06	0.01
0.000408599997172	1.28	1.00E-06	0.01
0.000408799998695	1.28	1.00E-06	0.01
0.000409000000218	1.28	1.00E-06	0.01
0.000409200001741	1.28	1.00E-06	0.01
0.000409400003264	1.28	1.00E-06	0.01
0.000409600004787	1.28	1.00E-06	0.01
0.00040980000631	1.28	1.00E-06	0.01
0.000410000007832	1.28	1.00E-06	0.01
0.000410200009355	1.28	1.00E-06	0.01
0.000410400010878	1.28	1.00E-06	0.01
0.000410600012401	1.28	1.00E-06	0.01
0.00041079998482	1.28	1.00E-06	0.01
0.000410999986343	1.28	1.00E-06	0.01
0.000411199987866	1.28	1.00E-06	0.01
0.000411399989389	1.28	1.00E-06	0.01
0.000411599990912	1.28	1.00E-06	0.01
0.000411799992435	1.28	1.00E-06	0.01
0.000411999993958	1.28	1.00E-06	0.01
0.00041219999548	1.28	1.00E-06	0.01
0.000412399997003	1.28	1.00E-06	0.01
0.000412599998526	1.28	1.00E-06	0.01
0.000412800000049	1.28	1.00E-06	0.01
0.000413000001572	1.28	1.00E-06	0.01
0.000413200003095	1.28	1.00E-06	0.01
0.000413400004618	1.28	1.00E-06	0.01
0.000413600006141	1.28	1.00E-06	0.01
0.000413800007664	1.28	1.00E-06	0.01
0.000414000009187	1.28	1.00E-06	0.01
0.000414200010709	1.28	1.00E-06	0.01
0.000414400012232	1.28	1.00E-06	0.01
0.000414599984651	1.28	1.00E-06	0.01
0.000414799986174	1.28	1.00E-06	0.01
0.000414999987697	1.28	1.00E-06	0.01
0.00041519998922	1.28	1.00E-06	0.01
0.000415399990743	1.28	1.00E-06	0.01
0.000415599992266	1.28	1.00E-06	0.01
0.000415799993789	1.28	1.00E-06	0.01
0.000415999995312	1.28	1.00E-06	0.01
0.000416199996835	1.28	1.00E-06	0.01
0.000416399998358	1.28	1.00E-06	0.01
0.00041659999988	1.28	1.00E-06	0.01
0.000416800001403	1.28	1.00E-06	0.01
0.000417000002926	1.28	1.00E-06	0.01
0.000417200004449	1.28	1.00E-06	0.01
0.000417400005972	1.28	1.00E-06	0.01
0.000417600007495	1.28	1.00E-06	0.01
0.000417800009018	1.28	1.00E-06	0.01
0.000418000010541	1.28	1.00E-06	0.01
0.000418200012064	1.28	1.00E-06	0.01
0.000418400013587	1.28	1.00E-06	0.01
0.000418599986006	1.28	1.00E-06	0.01
0.000418799987528	1.28	1.00E-06	0.01
0.000418999989051	1.28	1.00E-06	0.01
0.000419199990574	1.28	1.00E-06	0.01
0.000419399992097	1.24	1.00E-06	0.01
0.00041959999362	1.28	1.00E-06	0.01
0.000419799995143	1.24	1.00E-06	0.01
0.000419999996666	1.28	1.00E-06	0.01
0.000420199998189	1.28	1.00E-06	0.01
0.000420399999712	1.28	1.00E-06	0.01
0.000420600001235	1.28	1.00E-06	0.01
0.000420800002757	1.28	1.00E-06	0.01
0.00042100000428	1.28	1.00E-06	0.01
0.000421200005803	1.28	1.00E-06	0.01
0.000421400007326	1.28	1.00E-06	0.01
0.000421600008849	1.28	1.00E-06	0.01
0.000421800010372	1.28	1.00E-06	0.01
0.000422000011895	1.28	1.00E-06	0.01
0.000422200013418	1.28	1.00E-06	0.01
0.000422399985837	1.28	1.00E-06	0.01
0.00042259998736	1.28	1.00E-06	0.01
0.000422799988883	1.28	1.00E-06	0.01
0.000422999990406	1.28	1.00E-06	0.01
0.000423199991928	1.28	1.00E-06	0.01
0.000423399993451	1.24	1.00E-06	0.01
0.000423599994974	1.28	1.00E-06	0.01
0.000423799996497	1.28	1.00E-06	0.01
0.00042399999802	1.28	1.00E-06	0.01
0.000424199999543	1.28	1.00E-06	0.01
0.000424400001066	1.28	1.00E-06	0.01
0.000424600002589	1.28	1.00E-06	0.01
0.000424800004112	1.28	1.00E-06	0.01
0.000425000005635	1.28	1.00E-06	0.01
0.000425200007157	1.28	1.00E-06	0.01
0.00042540000868	1.28	1.00E-06	0.01
0.000425600010203	1.28	1.00E-06	0.01
0.000425800011726	1.28	1.00E-06	0.01
0.000426000013249	1.28	1.00E-06	0.01
0.000426199985668	1.28	1.00E-06	0.01
0.000426399987191	1.28	1.00E-06	0.01
0.000426599988714	1.28	1.00E-06	0.01
0.000426799990237	1.28	1.00E-06	0.01
0.00042699999176	1.28	1.00E-06	0.01
0.000427199993283	1.28	1.00E-06	0.01
0.000427399994805	1.28	1.00E-06	0.01
0.000427599996328	1.28	1.00E-06	0.01
0.000427799997851	1.28	1.00E-06	0.01
0.000427999999374	1.28	1.00E-06	0.01
0.000428200000897	1.28	1.00E-06	0.01
0.00042840000242	1.28	1.00E-06	0.01
0.000428600003943	1.28	1.00E-06	0.01
0.000428800005466	1.28	1.00E-06	0.01
0.000429000006989	1.28	1.00E-06	0.01
0.000429200008512	1.28	1.00E-06	0.01
0.000429400010034	1.28	1.00E-06	0.01
0.000429600011557	1.28	1.00E-06	0.01
0.00042980001308	1.28	1.00E-06	0.01
0.000429999985499	1.28	1.00E-06	0.01
0.000430199987022	1.28	1.00E-06	0.01
0.000430399988545	1.28	1.00E-06	0.01
0.000430599990068	1.28	1.00E-06	0.01
0.000430799991591	1.28	1.00E-06	0.01
0.000430999993114	1.28	1.00E-06	0.01
0.000431199994637	1.28	1.00E-06	0.01
0.00043139999616	1.28	1.00E-06	0.01
0.000431599997682	1.28	1.00E-06	0.01
0.000431799999205	1.28	1.00E-06	0.01
0.000432000000728	1.28	1.00E-06	0.01
0.000432200002251	1.28	1.00E-06	0.01
0.000432400003774	1.28	1.00E-06	0.01
0.000432600005297	1.28	1.00E-06	0.01
0.00043280000682	1.28	1.00E-06	0.01
0.000433000008343	1.28	1.00E-06	0.01
0.000433200009866	1.28	1.00E-06	0.01
0.000433400011389	1.28	1.00E-06	0.01
0.000433600012911	1.28	1.00E-06	0.01
0.000433799985331	1.28	1.00E-06	0.01
0.000433999986853	1.28	1.00E-06	0.01
0.000434199988376	1.28	1.00E-06	0.01
0.000434399989899	1.28	1.00E-06	0.01
0.000434599991422	1.28	1.00E-06	0.01
0.000434799992945	1.28	1.00E-06	0.01
0.000434999994468	1.28	1.00E-06	0.01
0.000435199995991	1.28	1.00E-06	0.01
0.000435399997514	1.28	1.00E-06	0.01
0.000435599999037	1.28	1.00E-06	0.01
0.00043580000056	1.24	1.00E-06	0.01
0.000436000002082	1.28	1.00E-06	0.01
0.000436200003605	1.28	1.00E-06	0.01
0.000436400005128	1.28	1.00E-06	0.01
0.000436600006651	1.28	1.00E-06	0.01
0.000436800008174	1.24	1.00E-06	0.01
0.000437000009697	1.28	1.00E-06	0.01
0.00043720001122	1.28	1.00E-06	0.01
0.000437400012743	1.24	1.00E-06	0.01
0.000437599985162	1.28	1.00E-06	0.01
0.000437799986685	1.28	1.00E-06	0.01
0.000437999988208	1.28	1.00E-06	0.01
0.00043819998973	1.28	1.00E-06	0.01
0.000438399991253	1.28	1.00E-06	0.01
0.000438599992776	1.28	1.00E-06	0.01
0.000438799994299	1.28	1.00E-06	0.01
0.000438999995822	1.28	1.00E-06	0.01
0.000439199997345	1.28	1.00E-06	0.01
0.000439399998868	1.28	1.00E-06	0.01
0.000439600000391	1.24	1.00E-06	0.01
0.000439800001914	1.24	1.00E-06	0.01
0.000440000003437	1.28	1.00E-06	0.01
0.000440200004959	1.24	1.00E-06	0.01
0.000440400006482	1.24	1.00E-06	0.01
0.000440600008005	1.28	1.00E-06	0.01
0.000440800009528	1.28	1.00E-06	0.01
0.000441000011051	1.28	1.00E-06	0.01
0.000441200012574	1.28	1.00E-06	0.01
0.000441399984993	1.28	1.00E-06	0.01
0.000441599986516	1.28	1.00E-06	0.01
0.000441799988039	1.28	1.00E-06	0.01
0.000441999989562	1.28	1.00E-06	0.01
0.000442199991085	1.28	1.00E-06	0.01
0.000442399992608	1.28	1.00E-06	0.01
0.00044259999413	1.28	1.00E-06	0.01
0.000442799995653	1.24	1.00E-06	0.01
0.000442999997176	1.24	1.00E-06	0.01
0.000443199998699	1.28	1.00E-06	0.01
0.000443400000222	1.28	1.00E-06	0.01
0.000443600001745	1.24	1.00E-06	0.01
0.000443800003268	1.28	1.00E-06	0.01
0.000444000004791	1.28	1.00E-06	0.01
0.000444200006314	1.28	1.00E-06	0.01
0.000444400007837	1.28	1.00E-06	0.01
0.000444600009359	1.28	1.00E-06	0.01
0.000444800010882	1.28	1.00E-06	0.01
0.000445000012405	1.28	1.00E-06	0.01
0.000445200013928	1.28	1.00E-06	0.01
0.000445399986347	1.28	1.00E-06	0.01
0.00044559998787	1.28	1.00E-06	0.01
0.000445799989393	1.28	1.00E-06	0.01
0.000445999990916	1.28	1.00E-06	0.01
0.000446199992439	1.28	1.00E-06	0.01
0.000446399993962	1.28	1.00E-06	0.01
0.000446599995485	1.28	1.00E-06	0.01
0.000446799997007	1.28	1.00E-06	0.01
0.00044699999853	1.24	1.00E-06	0.01
0.000447200000053	1.28	1.00E-06	0.01
0.000447400001576	1.28	1.00E-06	0.01
0.000447600003099	1.28	1.00E-06	0.01
0.000447800004622	1.28	1.00E-06	0.01
0.000448000006145	1.28	1.00E-06	0.01
0.000448200007668	1.28	1.00E-06	0.01
0.000448400009191	1.28	1.00E-06	0.01
0.000448600010714	1.28	1.00E-06	0.01
0.000448800012236	1.28	1.00E-06	0.01
0.000449000013759	1.28	1.00E-06	0.01
0.000449199986178	1.28	1.00E-06	0.01
0.000449399987701	1.28	1.00E-06	0.01
0.000449599989224	1.28	1.00E-06	0.01
0.000449799990747	1.28	1.00E-06	0.01
0.00044999999227	1.28	1.00E-06	0.01
0.000450199993793	1.28	1.00E-06	0.01
0.000450399995316	1.28	1.00E-06	0.01
0.000450599996839	1.28	1.00E-06	0.01
0.000450799998362	1.28	1.00E-06	0.01
0.000450999999885	1.28	1.00E-06	0.01
0.000451200001407	1.28	1.00E-06	0.01
0.00045140000293	1.28	1.00E-06	0.01
0.000451600004453	1.28	1.00E-06	0.01
0.000451800005976	1.28	1.00E-06	0.01
0.000452000007499	1.28	1.00E-06	0.01
0.000452200009022	1.28	1.00E-06	0.01
0.000452400010545	1.28	1.00E-06	0.01
0.000452600012068	1.28	1.00E-06	0.01
0.000452800013591	1.28	1.00E-06	0.01
0.00045299998601	1.28	1.00E-06	0.01
0.000453199987533	1.28	1.00E-06	0.01
0.000453399989055	1.28	1.00E-06	0.01
0.000453599990578	1.28	1.00E-06	0.01
0.000453799992101	1.28	1.00E-06	0.01
0.000453999993624	1.28	1.00E-06	0.01
0.000454199995147	1.28	1.00E-06	0.01
0.00045439999667	1.28	1.00E-06	0.01
0.000454599998193	1.28	1.00E-06	0.01
0.000454799999716	1.28	1.00E-06	0.01
0.000455000001239	1.28	1.00E-06	0.01
0.000455200002762	1.28	1.00E-06	0.01
0.000455400004284	1.28	1.00E-06	0.01
0.000455600005807	1.28	1.00E-06	0.01
0.00045580000733	1.28	1.00E-06	0.01
0.000456000008853	1.28	1.00E-06	0.01
0.000456200010376	1.28	1.00E-06	0.01
0.000456400011899	1.28	1.00E-06	0.01
0.000456600013422	1.28	1.00E-06	0.01
0.000456799985841	1.28	1.00E-06	0.01
0.000456999987364	1.28	1.00E-06	0.01
0.000457199988887	1.24	1.00E-06	0.01
0.00045739999041	1.24	1.00E-06	0.01
0.000457599991933	1.28	1.00E-06	0.01
0.000457799993455	1.28	1.00E-06	0.01
0.000457999994978	1.28	1.00E-06	0.01
0.000458199996501	1.28	1.00E-06	0.01
0.000458399998024	1.28	1.00E-06	0.01
0.000458599999547	1.28	1.00E-06	0.01
0.00045880000107	1.24	1.00E-06	0.01
0.000459000002593	1.28	1.00E-06	0.01
0.000459200004116	1.28	1.00E-06	0.01
0.000459400005639	1.24	1.00E-06	0.01
0.000459600007161	1.28	1.00E-06	0.01
0.000459800008684	1.28	1.00E-06	0.01
0.000460000010207	1.24	1.00E-06	0.01
0.00046020001173	1.24	1.00E-06	0.01
0.000460400013253	1.28	1.00E-06	0.01
0.000460599985672	1.28	1.00E-06	0.01
0.000460799987195	1.28	1.00E-06	0.01
0.000460999988718	1.28	1.00E-06	0.01
0.000461199990241	1.28	1.00E-06	0.01
0.000461399991764	1.28	1.00E-06	0.01
0.000461599993287	1.28	1.00E-06	0.01
0.00046179999481	1.28	1.00E-06	0.01
0.000461999996332	1.28	1.00E-06	0.01
0.000462199997855	1.28	1.00E-06	0.01
0.000462399999378	1.28	1.00E-06	0.01
0.000462600000901	1.28	1.00E-06	0.01
0.000462800002424	1.28	1.00E-06	0.01
0.000463000003947	1.24	1.00E-06	0.01
0.00046320000547	1.28	1.00E-06	0.01
0.000463400006993	1.28	1.00E-06	0.01
0.000463600008516	1.28	1.00E-06	0.01
0.000463800010039	1.28	1.00E-06	0.01
0.000464000011561	1.28	1.00E-06	0.01
0.000464200013084	1.28	1.00E-06	0.01
0.000464399985503	1.28	1.00E-06	0.01
0.000464599987026	1.28	1.00E-06	0.01
0.000464799988549	1.28	1.00E-06	0.01
0.000464999990072	1.28	1.00E-06	0.01
0.000465199991595	1.28	1.00E-06	0.01
0.000465399993118	1.28	1.00E-06	0.01
0.000465599994641	1.28	1.00E-06	0.01
0.000465799996164	1.28	1.00E-06	0.01
0.000465999997687	1.28	1.00E-06	0.01
0.000466199999209	1.28	1.00E-06	0.01
0.000466400000732	1.28	1.00E-06	0.01
0.000466600002255	1.28	1.00E-06	0.01
0.000466800003778	1.28	1.00E-06	0.01
0.000467000005301	1.28	1.00E-06	0.01
0.000467200006824	1.28	1.00E-06	0.01
0.000467400008347	1.28	1.00E-06	0.01
0.00046760000987	1.28	1.00E-06	0.01
0.000467800011393	1.28	1.00E-06	0.01
0.000468000012916	1.28	1.00E-06	0.01
0.000468199985335	1.28	1.00E-06	0.01
0.000468399986858	1.28	1.00E-06	0.01
0.00046859998838	1.28	1.00E-06	0.01
0.000468799989903	1.28	1.00E-06	0.01
0.000468999991426	1.28	1.00E-06	0.01
0.000469199992949	1.28	1.00E-06	0.01
0.000469399994472	1.28	1.00E-06	0.01
0.000469599995995	1.28	1.00E-06	0.01
0.000469799997518	1.28	1.00E-06	0.01
0.000469999999041	1.28	1.00E-06	0.01
0.000470200000564	1.28	1.00E-06	0.01
0.000470400002087	1.28	1.00E-06	0.01
0.000470600003609	1.28	1.00E-06	0.01
0.000470800005132	1.28	1.00E-06	0.01
0.000471000006655	1.28	1.00E-06	0.01
0.000471200008178	1.24	1.00E-06	0.01
0.000471400009701	1.28	1.00E-06	0.01
0.000471600011224	1.28	1.00E-06	0.01
0.000471800012747	1.28	1.00E-06	0.01
0.00047200001427	1.28	1.00E-06	0.01
0.000472199986689	1.28	1.00E-06	0.01
0.000472399988212	1.28	1.00E-06	0.01
0.000472599989735	1.28	1.00E-06	0.01
0.000472799991257	1.28	1.00E-06	0.01
0.00047299999278	1.28	1.00E-06	0.01
0.000473199994303	1.28	1.00E-06	0.01
0.000473399995826	1.28	1.00E-06	0.01
0.000473599997349	1.28	1.00E-06	0.01
0.000473799998872	1.28	1.00E-06	0.01
0.000474000000395	1.28	1.00E-06	0.01
0.000474200001918	1.24	1.00E-06	0.01
0.000474400003441	1.24	1.00E-06	0.01
0.000474600004964	1.24	1.00E-06	0.01
0.000474800006486	1.24	1.00E-06	0.01
0.000475000008009	1.28	1.00E-06	0.01
0.000475200009532	1.28	1.00E-06	0.01
0.000475400011055	1.28	1.00E-06	0.01
0.000475600012578	1.28	1.00E-06	0.01
0.000475800014101	1.28	1.00E-06	0.01
0.00047599998652	1.28	1.00E-06	0.01
0.000476199988043	1.28	1.00E-06	0.01
0.000476399989566	1.28	1.00E-06	0.01
0.000476599991089	1.28	1.00E-06	0.01
0.000476799992612	1.28	1.00E-06	0.01
0.000476999994135	1.28	1.00E-06	0.01
0.000477199995657	1.28	1.00E-06	0.01
0.00047739999718	1.28	1.00E-06	0.01
0.000477599998703	1.24	1.00E-06	0.01
0.000477800000226	1.24	1.00E-06	0.01
0.000478000001749	1.28	1.00E-06	0.01
0.000478200003272	1.24	1.00E-06	0.01
0.000478400004795	1.24	1.00E-06	0.01
0.000478600006318	1.28	1.00E-06	0.01
0.000478800007841	1.28	1.00E-06	0.01
0.000479000009364	1.28	1.00E-06	0.01
0.000479200010886	1.28	1.00E-06	0.01
0.000479400012409	1.28	1.00E-06	0.01
0.000479600013932	1.28	1.00E-06	0.01
0.000479799986351	1.28	1.00E-06	0.01
0.000479999987874	1.28	1.00E-06	0.01
0.000480199989397	1.28	1.00E-06	0.01
0.00048039999092	1.28	1.00E-06	0.01
0.000480599992443	1.28	1.00E-06	0.01
0.000480799993966	1.24	1.00E-06	0.01
0.000480999995489	1.24	1.00E-06	0.01
0.000481199997012	1.28	1.00E-06	0.01
0.000481399998534	1.28	1.00E-06	0.01
0.000481600000057	1.28	1.00E-06	0.01
0.00048180000158	1.28	1.00E-06	0.01
0.000482000003103	1.28	1.00E-06	0.01
0.000482200004626	1.28	1.00E-06	0.01
0.000482400006149	1.28	1.00E-06	0.01
0.000482600007672	1.28	1.00E-06	0.01
0.000482800009195	1.28	1.00E-06	0.01
0.000483000010718	1.28	1.00E-06	0.01
0.000483200012241	1.28	1.00E-06	0.01
0.000483400013763	1.28	1.00E-06	0.01
0.000483599986183	1.28	1.00E-06	0.01
0.000483799987705	1.28	1.00E-06	0.01
0.000483999989228	1.28	1.00E-06	0.01
0.000484199990751	1.24	1.00E-06	0.01
0.000484399992274	1.28	1.00E-06	0.01
0.000484599993797	1.28	1.00E-06	0.01
0.00048479999532	1.28	1.00E-06	0.01
0.000484999996843	1.28	1.00E-06	0.01
0.000485199998366	1.28	1.00E-06	0.01
0.000485399999889	1.28	1.00E-06	0.01
0.000485600001412	1.28	1.00E-06	0.01
0.000485800002934	1.28	1.00E-06	0.01
0.000486000004457	1.28	1.00E-06	0.01
0.00048620000598	1.28	1.00E-06	0.01
0.000486400007503	1.28	1.00E-06	0.01
0.000486600009026	1.28	1.00E-06	0.01
0.000486800010549	1.28	1.00E-06	0.01
0.000487000012072	1.28	1.00E-06	0.01
0.000487200013595	1.28	1.00E-06	0.01
0.000487399986014	1.24	1.00E-06	0.01
0.000487599987537	1.28	1.00E-06	0.01
0.00048779998906	1.28	1.00E-06	0.01
0.000487999990582	1.28	1.00E-06	0.01
0.000488199992105	1.28	1.00E-06	0.01
0.000488399993628	1.28	1.00E-06	0.01
0.000488599995151	1.28	1.00E-06	0.01
0.000488799996674	1.28	1.00E-06	0.01
0.000488999998197	1.28	1.00E-06	0.01
0.00048919999972	1.28	1.00E-06	0.01
0.000489400001243	1.28	1.00E-06	0.01
0.000489600002766	1.28	1.00E-06	0.01
0.000489800004289	1.28	1.00E-06	0.01
0.000490000005811	1.28	1.00E-06	0.01
0.000490200007334	1.28	1.00E-06	0.01
0.000490400008857	1.28	1.00E-06	0.01
0.00049060001038	1.28	1.00E-06	0.01
0.000490800011903	1.28	1.00E-06	0.01
0.000491000013426	1.28	1.00E-06	0.01
0.000491200014949	1.28	1.00E-06	0.01
0.000491400016472	1.28	1.00E-06	0.01
0.000491600017995	1.28	1.00E-06	0.01
0.000491800019518	1.28	1.00E-06	0.01
0.00049200002104	1.28	1.00E-06	0.01
0.000492200022563	1.28	1.00E-06	0.01
0.000492400024086	1.28	1.00E-06	0.01
0.000492600025609	1.28	1.00E-06	0.01
0.000492800027132	1.28	1.00E-06	0.01
0.000493000028655	1.28	1.00E-06	0.01
0.00049319997197	1.28	1.00E-06	0.01
0.000493399973493	1.28	1.00E-06	0.01
0.000493599975016	1.28	1.00E-06	0.01
0.000493799976539	1.28	1.00E-06	0.01
0.000493999978062	1.28	1.00E-06	0.01
0.000494199979585	1.28	1.00E-06	0.01
0.000494399981108	1.28	1.00E-06	0.01
0.00049459998263	1.28	1.00E-06	0.01
0.000494799984153	1.28	1.00E-06	0.01
0.000494999985676	1.28	1.00E-06	0.01
0.000495199987199	1.28	1.00E-06	0.01
0.000495399988722	1.28	1.00E-06	0.01
0.000495599990245	1.28	1.00E-06	0.01
0.000495799991768	1.28	1.00E-06	0.01
0.000495999993291	1.28	1.00E-06	0.01
0.000496199994814	1.28	1.00E-06	0.01
0.000496399996337	1.28	1.00E-06	0.01
0.000496599997859	1.28	1.00E-06	0.01
0.000496799999382	1.28	1.00E-06	0.01
0.000497000000905	1.28	1.00E-06	0.01
0.000497200002428	1.28	1.00E-06	0.01
0.000497400003951	1.28	1.00E-06	0.01
0.000497600005474	1.28	1.00E-06	0.01
0.000497800006997	1.28	1.00E-06	0.01
0.00049800000852	1.24	1.00E-06	0.01
0.000498200010043	1.28	1.00E-06	0.01
0.000498400011566	1.28	1.00E-06	0.01
0.000498600013088	1.28	1.00E-06	0.01
0.000498800014611	1.28	1.00E-06	0.01
0.000499000016134	1.28	1.00E-06	0.01
0.000499200017657	1.28	1.00E-06	0.01
0.00049940001918	1.28	1.00E-06	0.01
0.000499600020703	1.28	1.00E-06	0.01
0.000499800022226	1.28	1.00E-06	0.01
0.000500000023749	1.28	1.00E-06	0.01
0.000500200025272	1.28	1.00E-06	0.01
0.000500400026795	1.28	1.00E-06	0.01
0.000500600028317	1.28	1.00E-06	0.01
0.000500799971633	1.28	1.00E-06	0.01
0.000500999973156	1.28	1.00E-06	0.01
0.000501199974678	1.28	1.00E-06	0.01
0.000501399976201	1.28	1.00E-06	0.01
0.000501599977724	1.28	1.00E-06	0.01
0.000501799979247	1.28	1.00E-06	0.01
0.00050199998077	1.28	1.00E-06	0.01
0.000502199982293	1.28	1.00E-06	0.01
0.000502399983816	1.28	1.00E-06	0.01
0.000502599985339	1.28	1.00E-06	0.01
0.000502799986862	1.28	1.00E-06	0.01
0.000502999988385	1.28	1.00E-06	0.01
0.000503199989907	1.28	1.00E-06	0.01
0.00050339999143	1.28	1.00E-06	0.01
0.000503599992953	1.28	1.00E-06	0.01
0.000503799994476	1.28	1.00E-06	0.01
0.000503999995999	1.28	1.00E-06	0.01
0.000504199997522	1.28	1.00E-06	0.01
0.000504399999045	1.28	1.00E-06	0.01
0.000504600000568	1.28	1.00E-06	0.01
0.000504800002091	1.28	1.00E-06	0.01
0.000505000003614	1.28	1.00E-06	0.01
0.000505200005136	1.28	1.00E-06	0.01
0.000505400006659	1.28	1.00E-06	0.01
0.000505600008182	1.28	1.00E-06	0.01
0.000505800009705	1.28	1.00E-06	0.01
0.000506000011228	1.28	1.00E-06	0.01
0.000506200012751	1.28	1.00E-06	0.01
0.000506400014274	1.28	1.00E-06	0.01
0.000506600015797	1.28	1.00E-06	0.01
0.00050680001732	1.28	1.00E-06	0.01
0.000507000018843	1.28	1.00E-06	0.01
0.000507200020365	1.28	1.00E-06	0.01
0.000507400021888	1.28	1.00E-06	0.01
0.000507600023411	1.28	1.00E-06	0.01
0.000507800024934	1.28	1.00E-06	0.01
0.000508000026457	1.28	1.00E-06	0.01
0.00050820002798	1.28	1.00E-06	0.01
0.000508399971295	1.28	1.00E-06	0.01
0.000508599972818	1.28	1.00E-06	0.01
0.000508799974341	1.28	1.00E-06	0.01
0.000508999975864	1.28	1.00E-06	0.01
0.000509199977387	1.28	1.00E-06	0.01
0.00050939997891	1.28	1.00E-06	0.01
0.000509599980433	1.28	1.00E-06	0.01
0.000509799981955	1.28	1.00E-06	0.01
0.000509999983478	1.28	1.00E-06	0.01
0.000510199985001	1.28	1.00E-06	0.01
0.000510399986524	1.28	1.00E-06	0.01
0.000510599988047	1.28	1.00E-06	0.01
0.00051079998957	1.3199999	1.00E-06	0.01
0.000510999991093	1.3199999	1.00E-06	0.01
0.000511199992616	1.3199999	1.00E-06	0.01
0.000511399994139	1.3199999	1.00E-06	0.01
0.000511599995662	1.3199999	1.00E-06	0.01
0.000511799997184	1.3199999	1.00E-06	0.01
0.000511999998707	1.3199999	1.00E-06	0.01
0.00051220000023	1.3199999	1.00E-06	0.01
0.000512400001753	1.36	1.00E-06	0.01
0.000512600003276	1.36	1.00E-06	0.01
0.000512800004799	1.36	1.00E-06	0.01
0.000513000006322	1.36	1.00E-06	0.01
0.000513200007845	1.36	1.00E-06	0.01
0.000513400009368	1.36	1.00E-06	0.01
0.000513600010891	1.4	1.00E-06	0.01
0.000513800012413	1.4	1.00E-06	0.01
0.000514000013936	1.4	1.00E-06	0.01
0.000514200015459	1.4399999	1.00E-06	0.01
0.000514400016982	1.4399999	1.00E-06	0.01
0.000514600018505	1.48	1.00E-06	0.01
0.000514800020028	1.48	1.00E-06	0.01
0.000515000021551	1.52	1.00E-06	0.01
0.000515200023074	1.5599999	1.00E-06	0.01
0.000515400024597	1.5599999	1.00E-06	0.01
0.00051560002612	1.5999999	1.00E-06	0.01
0.000515800027642	1.64	1.00E-06	0.01
0.000516000029165	1.64	1.00E-06	0.01
0.000516199972481	1.6799999	1.00E-06	0.01
0.000516399974003	1.7199999	1.00E-06	0.01
0.000516599975526	1.76	1.00E-06	0.01
0.000516799977049	1.8	1.00E-06	0.01
0.000516999978572	1.8	1.00E-06	0.01
0.000517199980095	1.8399999	1.00E-06	0.01
0.000517399981618	1.88	1.00E-06	0.01
0.000517599983141	1.92	1.00E-06	0.01
0.000517799984664	1.92	1.00E-06	0.01
0.000517999986187	1.9599999	1.00E-06	0.01
0.00051819998771	2	1.00E-06	0.01
0.000518399989232	2	1.00E-06	0.01
0.000518599990755	2.04	1.00E-06	0.01
0.000518799992278	2.0799999	1.00E-06	0.01
0.000518999993801	2.1199999	1.00E-06	0.01
0.000519199995324	2.1199999	1.00E-06	0.01
0.000519399996847	2.1599998	1.00E-06	0.01
0.00051959999837	2.2	1.00E-06	0.01
0.000519799999893	2.24	1.00E-06	0.01
0.000520000001416	2.24	1.00E-06	0.01
0.000520200002939	2.28	1.00E-06	0.01
0.000520400004461	2.28	1.00E-06	0.01
0.000520600005984	2.3199999	1.00E-06	0.01
0.000520800007507	2.3599999	1.00E-06	0.01
0.00052100000903	2.3599999	1.00E-06	0.01
0.000521200010553	2.3999999	1.00E-06	0.01
0.000521400012076	2.3999999	1.00E-06	0.01
0.000521600013599	2.4400001	1.00E-06	0.01
0.000521800015122	2.4400001	1.00E-06	0.01
0.000522000016645	2.48	1.00E-06	0.01
0.000522200018167	2.52	1.00E-06	0.01
0.00052240001969	2.52	1.00E-06	0.01
0.000522600021213	2.5599999	1.00E-06	0.01
0.000522800022736	2.5599999	1.00E-06	0.01
0.000523000024259	2.5999999	1.00E-06	0.01
0.000523200025782	2.5999999	1.00E-06	0.01
0.000523400027305	2.6399999	1.00E-06	0.01
0.000523600028828	2.6799998	1.00E-06	0.01
0.000523799972143	2.6799998	1.00E-06	0.01
0.000523999973666	2.72000003	1.00E-06	0.01
0.000524199975189	2.72000003	1.00E-06	0.01
0.000524399976712	2.72000003	1.00E-06	0.01
0.000524599978235	2.75999999	1.00E-06	0.01
0.000524799979758	2.75999999	1.00E-06	0.01
0.00052499998128	2.79999995	1.00E-06	0.01
0.000525199982803	2.79999995	1.00E-06	0.01
0.000525399984326	2.83999991	1.00E-06	0.01
0.000525599985849	2.83999991	1.00E-06	0.01
0.000525799987372	2.83999991	1.00E-06	0.01
0.000525999988895	2.87999988	1.00E-06	0.01
0.000526199990418	2.87999988	1.00E-06	0.01
0.000526399991941	2.91999984	1.00E-06	0.01
0.000526599993464	2.91999984	1.00E-06	0.01
0.000526799994987	2.96000004	1.00E-06	0.01
0.000526999996509	2.96000004	1.00E-06	0.01
0.000527199998032	3	1.00E-06	0.01
0.000527399999555	3	1.00E-06	0.01
0.000527600001078	3	1.00E-06	0.01
0.000527800002601	3.03999996	1.00E-06	0.01
0.000528000004124	3.03999996	1.00E-06	0.01
0.000528200005647	3.03999996	1.00E-06	0.01
0.00052840000717	3.07999992	1.00E-06	0.01
0.000528600008693	3.07999992	1.00E-06	0.01
0.000528800010215	3.07999992	1.00E-06	0.01
0.000529000011738	3.11999989	1.00E-06	0.01
0.000529200013261	3.11999989	1.00E-06	0.01
0.000529400014784	3.11999989	1.00E-06	0.01
0.000529600016307	3.15999985	1.00E-06	0.01
0.00052980001783	3.15999985	1.00E-06	0.01
0.000530000019353	3.15999985	1.00E-06	0.01
0.000530200020876	3.19999981	1.00E-06	0.01
0.000530400022399	3.19999981	1.00E-06	0.01
0.000530600023922	3.19999981	1.00E-06	0.01
0.000530800025444	3.24000001	1.00E-06	0.01
0.000531000026967	3.24000001	1.00E-06	0.01
0.00053120002849	3.24000001	1.00E-06	0.01
0.000531399971806	3.27999997	1.00E-06	0.01
0.000531599973328	3.27999997	1.00E-06	0.01
0.000531799974851	3.27999997	1.00E-06	0.01
0.000531999976374	3.27999997	1.00E-06	0.01
0.000532199977897	3.31999993	1.00E-06	0.01
0.00053239997942	3.31999993	1.00E-06	0.01
0.000532599980943	3.31999993	1.00E-06	0.01
0.000532799982466	3.3599999	1.00E-06	0.01
0.000532999983989	3.3599999	1.00E-06	0.01
0.000533199985512	3.3599999	1.00E-06	0.01
0.000533399987034	3.3599999	1.00E-06	0.01
0.000533599988557	3.39999986	1.00E-06	0.01
0.00053379999008	3.39999986	1.00E-06	0.01
0.000533999991603	3.39999986	1.00E-06	0.01
0.000534199993126	3.39999986	1.00E-06	0.01
0.000534399994649	3.39999986	1.00E-06	0.01
0.000534599996172	3.43999982	1.00E-06	0.01
0.000534799997695	3.43999982	1.00E-06	0.01
0.000534999999218	3.43999982	1.00E-06	0.01
0.000535200000741	3.48000002	1.00E-06	0.01
0.000535400002263	3.48000002	1.00E-06	0.01
0.000535600003786	3.48000002	1.00E-06	0.01
0.000535800005309	3.48000002	1.00E-06	0.01
0.000536000006832	3.51999998	1.00E-06	0.01
0.000536200008355	3.51999998	1.00E-06	0.01
0.000536400009878	3.51999998	1.00E-06	0.01
0.000536600011401	3.51999998	1.00E-06	0.01
0.000536800012924	3.51999998	1.00E-06	0.01
0.000537000014447	3.55999994	1.00E-06	0.01
0.00053720001597	3.55999994	1.00E-06	0.01
0.000537400017492	3.55999994	1.00E-06	0.01
0.000537600019015	3.55999994	1.00E-06	0.01
0.000537800020538	3.55999994	1.00E-06	0.01
0.000538000022061	3.5999999	1.00E-06	0.01
0.000538200023584	3.5999999	1.00E-06	0.01
0.000538400025107	3.5999999	1.00E-06	0.01
0.00053860002663	3.5999999	1.00E-06	0.01
0.000538800028153	3.5999999	1.00E-06	0.01
0.000538999971468	3.63999987	1.00E-06	0.01
0.000539199972991	3.63999987	1.00E-06	0.01
0.000539399974514	3.63999987	1.00E-06	0.01
0.000539599976037	3.63999987	1.00E-06	0.01
0.00053979997756	3.63999987	1.00E-06	0.01
0.000539999979082	3.67999983	1.00E-06	0.01
0.000540199980605	3.67999983	1.00E-06	0.01
0.000540399982128	3.67999983	1.00E-06	0.01
0.000540599983651	3.67999983	1.00E-06	0.01
0.000540799985174	3.67999983	1.00E-06	0.01
0.000540999986697	3.67999983	1.00E-06	0.01
0.00054119998822	3.72000003	1.00E-06	0.01
0.000541399989743	3.72000003	1.00E-06	0.01
0.000541599991266	3.72000003	1.00E-06	0.01
0.000541799992789	3.72000003	1.00E-06	0.01
0.000541999994311	3.72000003	1.00E-06	0.01
0.000542199995834	3.72000003	1.00E-06	0.01
0.000542399997357	3.75999999	1.00E-06	0.01
0.00054259999888	3.75999999	1.00E-06	0.01
0.000542800000403	3.75999999	1.00E-06	0.01
0.000543000001926	3.75999999	1.00E-06	0.01
0.000543200003449	3.75999999	1.00E-06	0.01
0.000543400004972	3.75999999	1.00E-06	0.01
0.000543600006495	3.79999995	1.00E-06	0.01
0.000543800008018	3.79999995	1.00E-06	0.01
0.00054400000954	3.79999995	1.00E-06	0.01
0.000544200011063	3.79999995	1.00E-06	0.01
0.000544400012586	3.79999995	1.00E-06	0.01
0.000544600014109	3.79999995	1.00E-06	0.01
0.000544800015632	3.79999995	1.00E-06	0.01
0.000545000017155	3.83999991	1.00E-06	0.01
0.000545200018678	3.83999991	1.00E-06	0.01
0.000545400020201	3.83999991	1.00E-06	0.01
0.000545600021724	3.83999991	1.00E-06	0.01
0.000545800023247	3.83999991	1.00E-06	0.01
0.000546000024769	3.83999991	1.00E-06	0.01
0.000546200026292	3.83999991	1.00E-06	0.01
0.000546400027815	3.83999991	1.00E-06	0.01
0.000546600029338	3.83999991	1.00E-06	0.01
0.000546799972653	3.87999988	1.00E-06	0.01
0.000546999974176	3.87999988	1.00E-06	0.01
0.000547199975699	3.87999988	1.00E-06	0.01
0.000547399977222	3.87999988	1.00E-06	0.01
0.000547599978745	3.87999988	1.00E-06	0.01
0.000547799980268	3.87999988	1.00E-06	0.01
0.000547999981791	3.87999988	1.00E-06	0.01
0.000548199983314	3.91999984	1.00E-06	0.01
0.000548399984837	3.91999984	1.00E-06	0.01
0.000548599986359	3.91999984	1.00E-06	0.01
0.000548799987882	3.91999984	1.00E-06	0.01
0.000548999989405	3.91999984	1.00E-06	0.01
0.000549199990928	3.91999984	1.00E-06	0.01
0.000549399992451	3.91999984	1.00E-06	0.01
0.000549599993974	3.91999984	1.00E-06	0.01
0.000549799995497	3.91999984	1.00E-06	0.01
0.00054999999702	3.9599998	1.00E-06	0.01
0.000550199998543	3.9599998	1.00E-06	0.01
0.000550400000066	3.9599998	1.00E-06	0.01
0.000550600001588	3.9599998	1.00E-06	0.01
0.000550800003111	3.9599998	1.00E-06	0.01
0.000551000004634	3.9599998	1.00E-06	0.01
0.000551200006157	3.9599998	1.00E-06	0.01
0.00055140000768	3.9599998	1.00E-06	0.01
0.000551600009203	3.9599998	1.00E-06	0.01
0.000551800010726	3.9599998	1.00E-06	0.01
0.000552000012249	4	1.00E-06	0.01
0.000552200013772	4	1.00E-06	0.01
0.000552400015295	4	1.00E-06	0.01
0.000552600016817	4	1.00E-06	0.01
0.00055280001834	4	1.00E-06	0.01
0.000553000019863	4	1.00E-06	0.01
0.000553200021386	4	1.00E-06	0.01
0.000553400022909	4	1.00E-06	0.01
0.000553600024432	4	1.00E-06	0.01
0.000553800025955	4	1.00E-06	0.01
0.000554000027478	4.03999996	1.00E-06	0.01
0.000554200029001	4.03999996	1.00E-06	0.01
0.000554399972316	4.03999996	1.00E-06	0.01
0.000554599973839	4.03999996	1.00E-06	0.01
0.000554799975362	4.03999996	1.00E-06	0.01
0.000554999976885	4.03999996	1.00E-06	0.01
0.000555199978407	4.03999996	1.00E-06	0.01
0.00055539997993	4.03999996	1.00E-06	0.01
0.000555599981453	4.03999996	1.00E-06	0.01
0.000555799982976	4.07999992	1.00E-06	0.01
0.000555999984499	4.07999992	1.00E-06	0.01
0.000556199986022	4.07999992	1.00E-06	0.01
0.000556399987545	4.07999992	1.00E-06	0.01
0.000556599989068	4.07999992	1.00E-06	0.01
0.000556799990591	4.07999992	1.00E-06	0.01
0.000556999992114	4.07999992	1.00E-06	0.01
0.000557199993636	4.07999992	1.00E-06	0.01
0.000557399995159	4.07999992	1.00E-06	0.01
0.000557599996682	4.07999992	1.00E-06	0.01
0.000557799998205	4.07999992	1.00E-06	0.01
0.000557999999728	4.11999989	1.00E-06	0.01
0.000558200001251	4.11999989	1.00E-06	0.01
0.000558400002774	4.11999989	1.00E-06	0.01
0.000558600004297	4.11999989	1.00E-06	0.01
0.00055880000582	4.11999989	1.00E-06	0.01
0.000559000007343	4.11999989	1.00E-06	0.01
0.000559200008865	4.11999989	1.00E-06	0.01
0.000559400010388	4.11999989	1.00E-06	0.01
0.000559600011911	4.11999989	1.00E-06	0.01
0.000559800013434	4.15999985	1.00E-06	0.01
0.000560000014957	4.15999985	1.00E-06	0.01
0.00056020001648	4.15999985	1.00E-06	0.01
0.000560400018003	4.15999985	1.00E-06	0.01
0.000560600019526	4.15999985	1.00E-06	0.01
0.000560800021049	4.15999985	1.00E-06	0.01
0.000561000022572	4.15999985	1.00E-06	0.01
0.000561200024094	4.15999985	1.00E-06	0.01
0.000561400025617	4.15999985	1.00E-06	0.01
0.00056160002714	4.15999985	1.00E-06	0.01
0.000561800028663	4.15999985	1.00E-06	0.01
0.000561999971978	4.15999985	1.00E-06	0.01
0.000562199973501	4.15999985	1.00E-06	0.01
0.000562399975024	4.15999985	1.00E-06	0.01
0.000562599976547	4.15999985	1.00E-06	0.01
0.00056279997807	4.19999981	1.00E-06	0.01
0.000562999979593	4.19999981	1.00E-06	0.01
0.000563199981116	4.19999981	1.00E-06	0.01
0.000563399982639	4.19999981	1.00E-06	0.01
0.000563599984162	4.19999981	1.00E-06	0.01
0.000563799985684	4.19999981	1.00E-06	0.01
0.000563999987207	4.19999981	1.00E-06	0.01
0.00056419998873	4.19999981	1.00E-06	0.01
0.000564399990253	4.19999981	1.00E-06	0.01
0.000564599991776	4.19999981	1.00E-06	0.01
0.000564799993299	4.19999981	1.00E-06	0.01
0.000564999994822	4.19999981	1.00E-06	0.01
0.000565199996345	4.19999981	1.00E-06	0.01
0.000565399997868	4.19999981	1.00E-06	0.01
0.000565599999391	4.19999981	1.00E-06	0.01
0.000565800000913	4.23999977	1.00E-06	0.01
0.000566000002436	4.23999977	1.00E-06	0.01
0.000566200003959	4.19999981	1.00E-06	0.01
0.000566400005482	4.23999977	1.00E-06	0.01
0.000566600007005	4.23999977	1.00E-06	0.01
0.000566800008528	4.23999977	1.00E-06	0.01
0.000567000010051	4.23999977	1.00E-06	0.01
0.000567200011574	4.23999977	1.00E-06	0.01
0.000567400013097	4.23999977	1.00E-06	0.01
0.00056760001462	4.23999977	1.00E-06	0.01
0.000567800016142	4.23999977	1.00E-06	0.01
0.000568000017665	4.23999977	1.00E-06	0.01
0.000568200019188	4.23999977	1.00E-06	0.01
0.000568400020711	4.23999977	1.00E-06	0.01
0.000568600022234	4.23999977	1.00E-06	0.01
0.000568800023757	4.23999977	1.00E-06	0.01
0.00056900002528	4.23999977	1.00E-06	0.01
0.000569200026803	4.27999973	1.00E-06	0.01
0.000569400028326	4.27999973	1.00E-06	0.01
0.000569600029849	4.23999977	1.00E-06	0.01
0.000569799973164	4.27999973	1.00E-06	0.01
0.000569999974687	4.27999973	1.00E-06	0.01
0.00057019997621	4.27999973	1.00E-06	0.01
0.000570399977732	4.27999973	1.00E-06	0.01
0.000570599979255	4.27999973	1.00E-06	0.01
0.000570799980778	4.27999973	1.00E-06	0.01
0.000570999982301	4.27999973	1.00E-06	0.01
0.000571199983824	4.27999973	1.00E-06	0.01
0.000571399985347	4.27999973	1.00E-06	0.01
0.00057159998687	4.27999973	1.00E-06	0.01
0.000571799988393	4.27999973	1.00E-06	0.01
0.000571999989916	4.27999973	1.00E-06	0.01
0.000572199991439	4.27999973	1.00E-06	0.01
0.000572399992961	4.27999973	1.00E-06	0.01
0.000572599994484	4.27999973	1.00E-06	0.01
0.000572799996007	4.27999973	1.00E-06	0.01
0.00057299999753	4.27999973	1.00E-06	0.01
0.000573199999053	4.27999973	1.00E-06	0.01
0.000573400000576	4.27999973	1.00E-06	0.01
0.000573600002099	4.27999973	1.00E-06	0.01
0.000573800003622	4.31999969	1.00E-06	0.01
0.000574000005145	4.31999969	1.00E-06	0.01
0.000574200006668	4.31999969	1.00E-06	0.01
0.00057440000819	4.31999969	1.00E-06	0.01
0.000574600009713	4.31999969	1.00E-06	0.01
0.000574800011236	4.31999969	1.00E-06	0.01
0.000575000012759	4.31999969	1.00E-06	0.01
0.000575200014282	4.31999969	1.00E-06	0.01
0.000575400015805	4.31999969	1.00E-06	0.01
0.000575600017328	4.31999969	1.00E-06	0.01
0.000575800018851	4.31999969	1.00E-06	0.01
0.000576000020374	4.31999969	1.00E-06	0.01
0.000576200021897	4.31999969	1.00E-06	0.01
0.000576400023419	4.31999969	1.00E-06	0.01
0.000576600024942	4.31999969	1.00E-06	0.01
0.000576800026465	4.31999969	1.00E-06	0.01
0.000577000027988	4.31999969	1.00E-06	0.01
0.000577200029511	4.31999969	1.00E-06	0.01
0.000577399972826	4.31999969	1.00E-06	0.01
0.000577599974349	4.31999969	1.00E-06	0.01
0.000577799975872	4.31999969	1.00E-06	0.01
0.000577999977395	4.31999969	1.00E-06	0.01
0.000578199978918	4.31999969	1.00E-06	0.01
0.000578399980441	4.31999969	1.00E-06	0.01
0.000578599981964	4.31999969	1.00E-06	0.01
0.000578799983487	4.31999969	1.00E-06	0.01
0.000578999985009	4.31999969	1.00E-06	0.01
0.000579199986532	4.31999969	1.00E-06	0.01
0.000579399988055	4.31999969	1.00E-06	0.01
0.000579599989578	4.31999969	1.00E-06	0.01
0.000579799991101	4.31999969	1.00E-06	0.01
0.000579999992624	4.31999969	1.00E-06	0.01
0.000580199994147	4.31999969	1.00E-06	0.01
0.00058039999567	4.31999969	1.00E-06	0.01
0.000580599997193	4.31999969	1.00E-06	0.01
0.000580799998716	4.31999969	1.00E-06	0.01
0.000581000000238	4.31999969	1.00E-06	0.01
0.000581200001761	4.36000013	1.00E-06	0.01
0.000581400003284	4.31999969	1.00E-06	0.01
0.000581600004807	4.31999969	1.00E-06	0.01
0.00058180000633	4.31999969	1.00E-06	0.01
0.000582000007853	4.36000013	1.00E-06	0.01
0.000582200009376	4.31999969	1.00E-06	0.01
0.000582400010899	4.31999969	1.00E-06	0.01
0.000582600012422	4.31999969	1.00E-06	0.01
0.000582800013945	4.31999969	1.00E-06	0.01
0.000583000015467	4.31999969	1.00E-06	0.01
0.00058320001699	4.31999969	1.00E-06	0.01
0.000583400018513	4.31999969	1.00E-06	0.01
0.000583600020036	4.31999969	1.00E-06	0.01
0.000583800021559	4.31999969	1.00E-06	0.01
0.000584000023082	4.31999969	1.00E-06	0.01
0.000584200024605	4.31999969	1.00E-06	0.01
0.000584400026128	4.31999969	1.00E-06	0.01
0.000584600027651	4.31999969	1.00E-06	0.01
0.000584800029173	4.36000013	1.00E-06	0.01
0.000584999972489	4.36000013	1.00E-06	0.01
0.000585199974012	4.36000013	1.00E-06	0.01
0.000585399975535	4.31999969	1.00E-06	0.01
0.000585599977057	4.31999969	1.00E-06	0.01
0.00058579997858	4.31999969	1.00E-06	0.01
0.000585999980103	4.31999969	1.00E-06	0.01
0.000586199981626	4.31999969	1.00E-06	0.01
0.000586399983149	4.31999969	1.00E-06	0.01
0.000586599984672	4.31999969	1.00E-06	0.01
0.000586799986195	4.31999969	1.00E-06	0.01
0.000586999987718	4.31999969	1.00E-06	0.01
0.000587199989241	4.31999969	1.00E-06	0.01
0.000587399990764	4.31999969	1.00E-06	0.01
0.000587599992286	4.31999969	1.00E-06	0.01
0.000587799993809	4.31999969	1.00E-06	0.01
0.000587999995332	4.31999969	1.00E-06	0.01
0.000588199996855	4.31999969	1.00E-06	0.01
0.000588399998378	4.31999969	1.00E-06	0.01
0.000588599999901	4.31999969	1.00E-06	0.01
0.000588800001424	4.31999969	1.00E-06	0.01
0.000589000002947	4.31999969	1.00E-06	0.01
0.00058920000447	4.31999969	1.00E-06	0.01
0.000589400005993	4.31999969	1.00E-06	0.01
0.000589600007515	4.31999969	1.00E-06	0.01
0.000589800009038	4.31999969	1.00E-06	0.01
0.000590000010561	4.31999969	1.00E-06	0.01
0.000590200012084	4.31999969	1.00E-06	0.01
0.000590400013607	4.31999969	1.00E-06	0.01
0.00059060001513	4.31999969	1.00E-06	0.01
0.000590800016653	4.31999969	1.00E-06	0.01
0.000591000018176	4.31999969	1.00E-06	0.01
0.000591200019699	4.31999969	1.00E-06	0.01
0.000591400021221	4.31999969	1.00E-06	0.01
0.000591600022744	4.31999969	1.00E-06	0.01
0.000591800024267	4.31999969	1.00E-06	0.01
0.00059200002579	4.31999969	1.00E-06	0.01
0.000592200027313	4.31999969	1.00E-06	0.01
0.000592400028836	4.31999969	1.00E-06	0.01
0.000592599972151	4.31999969	1.00E-06	0.01
0.000592799973674	4.31999969	1.00E-06	0.01
0.000592999975197	4.31999969	1.00E-06	0.01
0.00059319997672	4.31999969	1.00E-06	0.01
0.000593399978243	4.31999969	1.00E-06	0.01
0.000593599979766	4.31999969	1.00E-06	0.01
0.000593799981289	4.31999969	1.00E-06	0.01
0.000593999982812	4.31999969	1.00E-06	0.01
0.000594199984334	4.31999969	1.00E-06	0.01
0.000594399985857	4.31999969	1.00E-06	0.01
0.00059459998738	4.31999969	1.00E-06	0.01
0.000594799988903	4.31999969	1.00E-06	0.01
0.000594999990426	4.31999969	1.00E-06	0.01
0.000595199991949	4.31999969	1.00E-06	0.01
0.000595399993472	4.31999969	1.00E-06	0.01
0.000595599994995	4.31999969	1.00E-06	0.01
0.000595799996518	4.31999969	1.00E-06	0.01
0.00059599999804	4.31999969	1.00E-06	0.01
0.000596199999563	4.31999969	1.00E-06	0.01
0.000596400001086	4.31999969	1.00E-06	0.01
0.000596600002609	4.31999969	1.00E-06	0.01
0.000596800004132	4.31999969	1.00E-06	0.01
0.000597000005655	4.31999969	1.00E-06	0.01
0.000597200007178	4.31999969	1.00E-06	0.01
0.000597400008701	4.31999969	1.00E-06	0.01
0.000597600010224	4.31999969	1.00E-06	0.01
0.000597800011747	4.31999969	1.00E-06	0.01
0.000598000013269	4.31999969	1.00E-06	0.01
0.000598200014792	4.31999969	1.00E-06	0.01
0.000598400016315	4.31999969	1.00E-06	0.01
0.000598600017838	4.31999969	1.00E-06	0.01
0.000598800019361	4.31999969	1.00E-06	0.01
0.000599000020884	4.31999969	1.00E-06	0.01
0.000599200022407	4.31999969	1.00E-06	0.01
0.00059940002393	4.31999969	1.00E-06	0.01
0.000599600025453	4.31999969	1.00E-06	0.01
0.000599800026976	4.31999969	1.00E-06	0.01
0.000600000028498	4.31999969	1.00E-06	0.01
0.000600200030021	4.31999969	1.00E-06	0.01
0.000600399973337	4.31999969	1.00E-06	0.01
0.00060059997486	4.31999969	1.00E-06	0.01
0.000600799976382	4.31999969	1.00E-06	0.01
0.000600999977905	4.31999969	1.00E-06	0.01
0.000601199979428	4.31999969	1.00E-06	0.01
0.000601399980951	4.31999969	1.00E-06	0.01
0.000601599982474	4.31999969	1.00E-06	0.01
0.000601799983997	4.31999969	1.00E-06	0.01
0.00060199998552	4.31999969	1.00E-06	0.01
0.000602199987043	4.31999969	1.00E-06	0.01
0.000602399988566	4.31999969	1.00E-06	0.01
0.000602599990088	4.31999969	1.00E-06	0.01
0.000602799991611	4.31999969	1.00E-06	0.01
0.000602999993134	4.31999969	1.00E-06	0.01
0.000603199994657	4.31999969	1.00E-06	0.01
0.00060339999618	4.31999969	1.00E-06	0.01
0.000603599997703	4.31999969	1.00E-06	0.01
0.000603799999226	4.31999969	1.00E-06	0.01
0.000604000000749	4.31999969	1.00E-06	0.01
0.000604200002272	4.31999969	1.00E-06	0.01
0.000604400003795	4.31999969	1.00E-06	0.01
0.000604600005317	4.31999969	1.00E-06	0.01
0.00060480000684	4.31999969	1.00E-06	0.01
0.000605000008363	4.31999969	1.00E-06	0.01
0.000605200009886	4.31999969	1.00E-06	0.01
0.000605400011409	4.31999969	1.00E-06	0.01
0.000605600012932	4.31999969	1.00E-06	0.01
0.000605800014455	4.31999969	1.00E-06	0.01
0.000606000015978	4.31999969	1.00E-06	0.01
0.000606200017501	4.31999969	1.00E-06	0.01
0.000606400019024	4.31999969	1.00E-06	0.01
0.000606600020546	4.31999969	1.00E-06	0.01
0.000606800022069	4.31999969	1.00E-06	0.01
0.000607000023592	4.31999969	1.00E-06	0.01
0.000607200025115	4.31999969	1.00E-06	0.01
0.000607400026638	4.31999969	1.00E-06	0.01
0.000607600028161	4.31999969	1.00E-06	0.01
0.000607800029684	4.31999969	1.00E-06	0.01
0.000607999972999	4.31999969	1.00E-06	0.01
0.000608199974522	4.31999969	1.00E-06	0.01
0.000608399976045	4.31999969	1.00E-06	0.01
0.000608599977568	4.31999969	1.00E-06	0.01
0.000608799979091	4.31999969	1.00E-06	0.01
0.000608999980614	4.31999969	1.00E-06	0.01
0.000609199982136	4.31999969	1.00E-06	0.01
0.000609399983659	4.31999969	1.00E-06	0.01
0.000609599985182	4.31999969	1.00E-06	0.01
0.000609799986705	4.31999969	1.00E-06	0.01
0.000609999988228	4.31999969	1.00E-06	0.01
0.000610199989751	4.31999969	1.00E-06	0.01
0.000610399991274	4.31999969	1.00E-06	0.01
0.000610599992797	4.31999969	1.00E-06	0.01
0.00061079999432	4.31999969	1.00E-06	0.01
0.000610999995843	4.31999969	1.00E-06	0.01
0.000611199997365	4.31999969	1.00E-06	0.01
0.000611399998888	4.36000013	1.00E-06	0.01
0.000611600000411	4.31999969	1.00E-06	0.01
0.000611800001934	4.31999969	1.00E-06	0.01
0.000612000003457	4.36000013	1.00E-06	0.01
0.00061220000498	4.31999969	1.00E-06	0.01
0.000612400006503	4.31999969	1.00E-06	0.01
0.000612600008026	4.36000013	1.00E-06	0.01
0.000612800009549	4.36000013	1.00E-06	0.01
0.000613000011072	4.31999969	1.00E-06	0.01
0.000613200012594	4.31999969	1.00E-06	0.01
0.000613400014117	4.31999969	1.00E-06	0.01
0.00061360001564	4.36000013	1.00E-06	0.01
0.000613800017163	4.36000013	1.00E-06	0.01
0.000614000018686	4.36000013	1.00E-06	0.01
0.000614200020209	4.36000013	1.00E-06	0.01
0.000614400021732	4.36000013	1.00E-06	0.01
0.000614600023255	4.36000013	1.00E-06	0.01
0.000614800024778	4.36000013	1.00E-06	0.01
0.000615000026301	4.36000013	1.00E-06	0.01
0.000615200027823	4.36000013	1.00E-06	0.01
0.000615400029346	4.36000013	1.00E-06	0.01
0.000615599972662	4.36000013	1.00E-06	0.01
0.000615799974184	4.36000013	1.00E-06	0.01
0.000615999975707	4.36000013	1.00E-06	0.01
0.00061619997723	4.36000013	1.00E-06	0.01
0.000616399978753	4.36000013	1.00E-06	0.01
0.000616599980276	4.36000013	1.00E-06	0.01
0.000616799981799	4.36000013	1.00E-06	0.01
0.000616999983322	4.36000013	1.00E-06	0.01
0.000617199984845	4.36000013	1.00E-06	0.01
0.000617399986368	4.36000013	1.00E-06	0.01
0.000617599987891	4.36000013	1.00E-06	0.01
0.000617799989413	4.36000013	1.00E-06	0.01
0.000617999990936	4.36000013	1.00E-06	0.01
0.000618199992459	4.36000013	1.00E-06	0.01
0.000618399993982	4.36000013	1.00E-06	0.01
0.000618599995505	4.36000013	1.00E-06	0.01
0.000618799997028	4.36000013	1.00E-06	0.01
0.000618999998551	4.36000013	1.00E-06	0.01
0.000619200000074	4.36000013	1.00E-06	0.01
0.000619400001597	4.36000013	1.00E-06	0.01
0.00061960000312	4.36000013	1.00E-06	0.01
0.000619800004642	4.36000013	1.00E-06	0.01
0.000620000006165	4.36000013	1.00E-06	0.01
0.000620200007688	4.36000013	1.00E-06	0.01
0.000620400009211	4.36000013	1.00E-06	0.01
0.000620600010734	4.36000013	1.00E-06	0.01
0.000620800012257	4.36000013	1.00E-06	0.01
0.00062100001378	4.36000013	1.00E-06	0.01
0.000621200015303	4.36000013	1.00E-06	0.01
0.000621400016826	4.36000013	1.00E-06	0.01
0.000621600018349	4.36000013	1.00E-06	0.01
0.000621800019871	4.36000013	1.00E-06	0.01
0.000622000021394	4.36000013	1.00E-06	0.01
0.000622200022917	4.36000013	1.00E-06	0.01
0.00062240002444	4.36000013	1.00E-06	0.01
0.000622600025963	4.36000013	1.00E-06	0.01
0.000622800027486	4.36000013	1.00E-06	0.01
0.000623000029009	4.36000013	1.00E-06	0.01
0.000623200030532	4.36000013	1.00E-06	0.01
0.000623399973847	4.36000013	1.00E-06	0.01
0.00062359997537	4.36000013	1.00E-06	0.01
0.000623799976893	4.36000013	1.00E-06	0.01
0.000623999978416	4.36000013	1.00E-06	0.01
0.000624199979939	4.36000013	1.00E-06	0.01
0.000624399981461	4.36000013	1.00E-06	0.01
0.000624599982984	4.36000013	1.00E-06	0.01
0.000624799984507	4.36000013	1.00E-06	0.01
0.00062499998603	4.36000013	1.00E-06	0.01
0.000625199987553	4.4000001	1.00E-06	0.01
0.000625399989076	4.36000013	1.00E-06	0.01
0.000625599990599	4.36000013	1.00E-06	0.01
0.000625799992122	4.4000001	1.00E-06	0.01
0.000625999993645	4.36000013	1.00E-06	0.01
0.000626199995168	4.4000001	1.00E-06	0.01
0.00062639999669	4.36000013	1.00E-06	0.01
0.000626599998213	4.36000013	1.00E-06	0.01
0.000626799999736	4.36000013	1.00E-06	0.01
0.000627000001259	4.36000013	1.00E-06	0.01
0.000627200002782	4.36000013	1.00E-06	0.01
0.000627400004305	4.36000013	1.00E-06	0.01
0.000627600005828	4.36000013	1.00E-06	0.01
0.000627800007351	4.4000001	1.00E-06	0.01
0.000628000008874	4.36000013	1.00E-06	0.01
0.000628200010397	4.36000013	1.00E-06	0.01
0.000628400011919	4.4000001	1.00E-06	0.01
0.000628600013442	4.4000001	1.00E-06	0.01
0.000628800014965	4.36000013	1.00E-06	0.01
0.000629000016488	4.4000001	1.00E-06	0.01
0.000629200018011	4.4000001	1.00E-06	0.01
0.000629400019534	4.36000013	1.00E-06	0.01
0.000629600021057	4.4000001	1.00E-06	0.01
0.00062980002258	4.4000001	1.00E-06	0.01
0.000630000024103	4.4000001	1.00E-06	0.01
0.000630200025626	4.36000013	1.00E-06	0.01
0.000630400027148	4.36000013	1.00E-06	0.01
0.000630600028671	4.4000001	1.00E-06	0.01
0.000630800030194	4.4000001	1.00E-06	0.01
0.000630999973509	4.4000001	1.00E-06	0.01
0.000631199975032	4.4000001	1.00E-06	0.01
0.000631399976555	4.4000001	1.00E-06	0.01
0.000631599978078	4.4000001	1.00E-06	0.01
0.000631799979601	4.4000001	1.00E-06	0.01
0.000631999981124	4.36000013	1.00E-06	0.01
0.000632199982647	4.4000001	1.00E-06	0.01
0.00063239998417	4.4000001	1.00E-06	0.01
0.000632599985693	4.4000001	1.00E-06	0.01
0.000632799987216	4.36000013	1.00E-06	0.01
0.000632999988738	4.4000001	1.00E-06	0.01
0.000633199990261	4.4000001	1.00E-06	0.01
0.000633399991784	4.4000001	1.00E-06	0.01
0.000633599993307	4.4000001	1.00E-06	0.01
0.00063379999483	4.4000001	1.00E-06	0.01
0.000633999996353	4.4000001	1.00E-06	0.01
0.000634199997876	4.4000001	1.00E-06	0.01
0.000634399999399	4.4000001	1.00E-06	0.01
0.000634600000922	4.4000001	1.00E-06	0.01
0.000634800002445	4.4000001	1.00E-06	0.01
0.000635000003967	4.4000001	1.00E-06	0.01
0.00063520000549	4.4000001	1.00E-06	0.01
0.000635400007013	4.36000013	1.00E-06	0.01
0.000635600008536	4.4000001	1.00E-06	0.01
0.000635800010059	4.4000001	1.00E-06	0.01
0.000636000011582	4.4000001	1.00E-06	0.01
0.000636200013105	4.4000001	1.00E-06	0.01
0.000636400014628	4.4000001	1.00E-06	0.01
0.000636600016151	4.4000001	1.00E-06	0.01
0.000636800017674	4.4000001	1.00E-06	0.01
0.000637000019196	4.4000001	1.00E-06	0.01
0.000637200020719	4.4000001	1.00E-06	0.01
0.000637400022242	4.4000001	1.00E-06	0.01
0.000637600023765	4.4000001	1.00E-06	0.01
0.000637800025288	4.4000001	1.00E-06	0.01
0.000638000026811	4.4000001	1.00E-06	0.01
0.000638200028334	4.4000001	1.00E-06	0.01
0.000638400029857	4.4000001	1.00E-06	0.01
0.000638599973172	4.4000001	1.00E-06	0.01
0.000638799974695	4.4000001	1.00E-06	0.01
0.000638999976218	4.4000001	1.00E-06	0.01
0.000639199977741	4.4000001	1.00E-06	0.01
0.000639399979264	4.36000013	1.00E-06	0.01
0.000639599980786	4.36000013	1.00E-06	0.01
0.000639799982309	4.36000013	1.00E-06	0.01
0.000639999983832	4.4000001	1.00E-06	0.01
0.000640199985355	4.4000001	1.00E-06	0.01
0.000640399986878	4.4000001	1.00E-06	0.01
0.000640599988401	4.4000001	1.00E-06	0.01
0.000640799989924	4.36000013	1.00E-06	0.01
0.000640999991447	4.4000001	1.00E-06	0.01
0.00064119999297	4.4000001	1.00E-06	0.01
0.000641399994493	4.4000001	1.00E-06	0.01
0.000641599996015	4.36000013	1.00E-06	0.01
0.000641799997538	4.4000001	1.00E-06	0.01
0.000641999999061	4.4000001	1.00E-06	0.01
0.000642200000584	4.36000013	1.00E-06	0.01
0.000642400002107	4.4000001	1.00E-06	0.01
0.00064260000363	4.36000013	1.00E-06	0.01
0.000642800005153	4.36000013	1.00E-06	0.01
0.000643000006676	4.4000001	1.00E-06	0.01
0.000643200008199	4.36000013	1.00E-06	0.01
0.000643400009722	4.36000013	1.00E-06	0.01
0.000643600011244	4.36000013	1.00E-06	0.01
0.000643800012767	4.36000013	1.00E-06	0.01
0.00064400001429	4.36000013	1.00E-06	0.01
0.000644200015813	4.36000013	1.00E-06	0.01
0.000644400017336	4.36000013	1.00E-06	0.01
0.000644600018859	4.36000013	1.00E-06	0.01
0.000644800020382	4.36000013	1.00E-06	0.01
0.000645000021905	4.36000013	1.00E-06	0.01
0.000645200023428	4.36000013	1.00E-06	0.01
0.000645400024951	4.36000013	1.00E-06	0.01
0.000645600026473	4.36000013	1.00E-06	0.01
0.000645800027996	4.36000013	1.00E-06	0.01
0.000646000029519	4.36000013	1.00E-06	0.01
0.000646199972834	4.36000013	1.00E-06	0.01
0.000646399974357	4.36000013	1.00E-06	0.01
0.00064659997588	4.36000013	1.00E-06	0.01
0.000646799977403	4.36000013	1.00E-06	0.01
0.000646999978926	4.36000013	1.00E-06	0.01
0.000647199980449	4.36000013	1.00E-06	0.01
0.000647399981972	4.36000013	1.00E-06	0.01
0.000647599983495	4.36000013	1.00E-06	0.01
0.000647799985018	4.36000013	1.00E-06	0.01
0.000647999986541	4.36000013	1.00E-06	0.01
0.000648199988063	4.36000013	1.00E-06	0.01
0.000648399989586	4.36000013	1.00E-06	0.01
0.000648599991109	4.36000013	1.00E-06	0.01
0.000648799992632	4.36000013	1.00E-06	0.01
0.000648999994155	4.36000013	1.00E-06	0.01
0.000649199995678	4.36000013	1.00E-06	0.01
0.000649399997201	4.36000013	1.00E-06	0.01
0.000649599998724	4.36000013	1.00E-06	0.01
0.000649800000247	4.36000013	1.00E-06	0.01
0.00065000000177	4.36000013	1.00E-06	0.01
0.000650200003292	4.36000013	1.00E-06	0.01
0.000650400004815	4.36000013	1.00E-06	0.01
0.000650600006338	4.36000013	1.00E-06	0.01
0.000650800007861	4.36000013	1.00E-06	0.01
0.000651000009384	4.36000013	1.00E-06	0.01
0.000651200010907	4.36000013	1.00E-06	0.01
0.00065140001243	4.36000013	1.00E-06	0.01
0.000651600013953	4.36000013	1.00E-06	0.01
0.000651800015476	4.36000013	1.00E-06	0.01
0.000652000016998	4.36000013	1.00E-06	0.01
0.000652200018521	4.36000013	1.00E-06	0.01
0.000652400020044	4.36000013	1.00E-06	0.01
0.000652600021567	4.36000013	1.00E-06	0.01
0.00065280002309	4.36000013	1.00E-06	0.01
0.000653000024613	4.36000013	1.00E-06	0.01
0.000653200026136	4.36000013	1.00E-06	0.01
0.000653400027659	4.36000013	1.00E-06	0.01
0.000653600029182	4.36000013	1.00E-06	0.01
0.000653800030705	4.36000013	1.00E-06	0.01
0.00065399997402	4.36000013	1.00E-06	0.01
0.000654199975543	4.36000013	1.00E-06	0.01
0.000654399977066	4.36000013	1.00E-06	0.01
0.000654599978589	4.36000013	1.00E-06	0.01
0.000654799980111	4.36000013	1.00E-06	0.01
0.000654999981634	4.36000013	1.00E-06	0.01
0.000655199983157	4.36000013	1.00E-06	0.01
0.00065539998468	4.36000013	1.00E-06	0.01
0.000655599986203	4.36000013	1.00E-06	0.01
0.000655799987726	4.36000013	1.00E-06	0.01
0.000655999989249	4.36000013	1.00E-06	0.01
0.000656199990772	4.36000013	1.00E-06	0.01
0.000656399992295	4.36000013	1.00E-06	0.01
0.000656599993818	4.36000013	1.00E-06	0.01
0.00065679999534	4.36000013	1.00E-06	0.01
0.000656999996863	4.36000013	1.00E-06	0.01
0.000657199998386	4.36000013	1.00E-06	0.01
0.000657399999909	4.36000013	1.00E-06	0.01
0.000657600001432	4.36000013	1.00E-06	0.01
0.000657800002955	4.36000013	1.00E-06	0.01
0.000658000004478	4.36000013	1.00E-06	0.01
0.000658200006001	4.36000013	1.00E-06	0.01
0.000658400007524	4.36000013	1.00E-06	0.01
0.000658600009046	4.36000013	1.00E-06	0.01
0.000658800010569	4.36000013	1.00E-06	0.01
0.000659000012092	4.36000013	1.00E-06	0.01
0.000659200013615	4.36000013	1.00E-06	0.01
0.000659400015138	4.36000013	1.00E-06	0.01
0.000659600016661	4.36000013	1.00E-06	0.01
0.000659800018184	4.36000013	1.00E-06	0.01
0.000660000019707	4.36000013	1.00E-06	0.01
0.00066020002123	4.36000013	1.00E-06	0.01
0.000660400022753	4.36000013	1.00E-06	0.01
0.000660600024275	4.36000013	1.00E-06	0.01
0.000660800025798	4.36000013	1.00E-06	0.01
0.000661000027321	4.36000013	1.00E-06	0.01
0.000661200028844	4.36000013	1.00E-06	0.01
0.000661400030367	4.36000013	1.00E-06	0.01
0.000661599973682	4.36000013	1.00E-06	0.01
0.000661799975205	4.36000013	1.00E-06	0.01
0.000661999976728	4.36000013	1.00E-06	0.01
0.000662199978251	4.36000013	1.00E-06	0.01
0.000662399979774	4.36000013	1.00E-06	0.01
0.000662599981297	4.36000013	1.00E-06	0.01
0.00066279998282	4.36000013	1.00E-06	0.01
0.000662999984343	4.36000013	1.00E-06	0.01
0.000663199985866	4.36000013	1.00E-06	0.01
0.000663399987388	4.36000013	1.00E-06	0.01
0.000663599988911	4.36000013	1.00E-06	0.01
0.000663799990434	4.36000013	1.00E-06	0.01
0.000663999991957	4.36000013	1.00E-06	0.01
0.00066419999348	4.36000013	1.00E-06	0.01
0.000664399995003	4.36000013	1.00E-06	0.01
0.000664599996526	4.36000013	1.00E-06	0.01
0.000664799998049	4.36000013	1.00E-06	0.01
0.000664999999572	4.36000013	1.00E-06	0.01
0.000665200001094	4.36000013	1.00E-06	0.01
0.000665400002617	4.36000013	1.00E-06	0.01
0.00066560000414	4.36000013	1.00E-06	0.01
0.000665800005663	4.36000013	1.00E-06	0.01
0.000666000007186	4.36000013	1.00E-06	0.01
0.000666200008709	4.36000013	1.00E-06	0.01
0.000666400010232	4.36000013	1.00E-06	0.01
0.000666600011755	4.36000013	1.00E-06	0.01
0.000666800013278	4.36000013	1.00E-06	0.01
0.000667000014801	4.36000013	1.00E-06	0.01
0.000667200016323	4.36000013	1.00E-06	0.01
0.000667400017846	4.36000013	1.00E-06	0.01
0.000667600019369	4.36000013	1.00E-06	0.01
0.000667800020892	4.36000013	1.00E-06	0.01
0.000668000022415	4.36000013	1.00E-06	0.01
0.000668200023938	4.36000013	1.00E-06	0.01
0.000668400025461	4.36000013	1.00E-06	0.01
0.000668600026984	4.36000013	1.00E-06	0.01
0.000668800028507	4.36000013	1.00E-06	0.01
0.00066900003003	4.36000013	1.00E-06	0.01
0.000669199973345	4.36000013	1.00E-06	0.01
0.000669399974868	4.36000013	1.00E-06	0.01
0.000669599976391	4.36000013	1.00E-06	0.01
0.000669799977913	4.36000013	1.00E-06	0.01
0.000669999979436	4.36000013	1.00E-06	0.01
0.000670199980959	4.36000013	1.00E-06	0.01
0.000670399982482	4.36000013	1.00E-06	0.01
0.000670599984005	4.36000013	1.00E-06	0.01
0.000670799985528	4.36000013	1.00E-06	0.01
0.000670999987051	4.36000013	1.00E-06	0.01
0.000671199988574	4.36000013	1.00E-06	0.01
0.000671399990097	4.36000013	1.00E-06	0.01
0.00067159999162	4.36000013	1.00E-06	0.01
0.000671799993142	4.36000013	1.00E-06	0.01
0.000671999994665	4.36000013	1.00E-06	0.01
0.000672199996188	4.36000013	1.00E-06	0.01
0.000672399997711	4.36000013	1.00E-06	0.01
0.000672599999234	4.36000013	1.00E-06	0.01
0.000672800000757	4.36000013	1.00E-06	0.01
0.00067300000228	4.36000013	1.00E-06	0.01
0.000673200003803	4.36000013	1.00E-06	0.01
0.000673400005326	4.36000013	1.00E-06	0.01
0.000673600006849	4.36000013	1.00E-06	0.01
0.000673800008371	4.36000013	1.00E-06	0.01
0.000674000009894	4.36000013	1.00E-06	0.01
0.000674200011417	4.36000013	1.00E-06	0.01
0.00067440001294	4.36000013	1.00E-06	0.01
0.000674600014463	4.36000013	1.00E-06	0.01
0.000674800015986	4.36000013	1.00E-06	0.01
0.000675000017509	4.36000013	1.00E-06	0.01
0.000675200019032	4.36000013	1.00E-06	0.01
0.000675400020555	4.36000013	1.00E-06	0.01
0.000675600022078	4.36000013	1.00E-06	0.01
0.0006758000236	4.36000013	1.00E-06	0.01
0.000676000025123	4.36000013	1.00E-06	0.01
0.000676200026646	4.36000013	1.00E-06	0.01
0.000676400028169	4.36000013	1.00E-06	0.01
0.000676600029692	4.36000013	1.00E-06	0.01
0.000676800031215	4.36000013	1.00E-06	0.01
0.00067699997453	4.36000013	1.00E-06	0.01
0.000677199976053	4.4000001	1.00E-06	0.01
0.000677399977576	4.4000001	1.00E-06	0.01
0.000677599979099	4.4000001	1.00E-06	0.01
0.000677799980622	4.36000013	1.00E-06	0.01
0.000677999982145	4.4000001	1.00E-06	0.01
0.000678199983668	4.4000001	1.00E-06	0.01
0.00067839998519	4.36000013	1.00E-06	0.01
0.000678599986713	4.4000001	1.00E-06	0.01
0.000678799988236	4.4000001	1.00E-06	0.01
0.000678999989759	4.36000013	1.00E-06	0.01
0.000679199991282	4.36000013	1.00E-06	0.01
0.000679399992805	4.36000013	1.00E-06	0.01
0.000679599994328	4.36000013	1.00E-06	0.01
0.000679799995851	4.36000013	1.00E-06	0.01
0.000679999997374	4.36000013	1.00E-06	0.01
0.000680199998897	4.36000013	1.00E-06	0.01
0.000680400000419	4.36000013	1.00E-06	0.01
0.000680600001942	4.4000001	1.00E-06	0.01
0.000680800003465	4.36000013	1.00E-06	0.01
0.000681000004988	4.4000001	1.00E-06	0.01
0.000681200006511	4.4000001	1.00E-06	0.01
0.000681400008034	4.36000013	1.00E-06	0.01
0.000681600009557	4.4000001	1.00E-06	0.01
0.00068180001108	4.36000013	1.00E-06	0.01
0.000682000012603	4.36000013	1.00E-06	0.01
0.000682200014126	4.4000001	1.00E-06	0.01
0.000682400015648	4.36000013	1.00E-06	0.01
0.000682600017171	4.36000013	1.00E-06	0.01
0.000682800018694	4.36000013	1.00E-06	0.01
0.000683000020217	4.36000013	1.00E-06	0.01
0.00068320002174	4.4000001	1.00E-06	0.01
0.000683400023263	4.36000013	1.00E-06	0.01
0.000683600024786	4.4000001	1.00E-06	0.01
0.000683800026309	4.4000001	1.00E-06	0.01
0.000684000027832	4.4000001	1.00E-06	0.01
0.000684200029355	4.36000013	1.00E-06	0.01
0.000684400030877	4.36000013	1.00E-06	0.01
0.000684599974193	4.4000001	1.00E-06	0.01
0.000684799975716	4.36000013	1.00E-06	0.01
0.000684999977238	4.36000013	1.00E-06	0.01
0.000685199978761	4.4000001	1.00E-06	0.01
0.000685399980284	4.4000001	1.00E-06	0.01
0.000685599981807	4.4000001	1.00E-06	0.01
0.00068579998333	4.36000013	1.00E-06	0.01
0.000685999984853	4.4000001	1.00E-06	0.01
0.000686199986376	4.4000001	1.00E-06	0.01
0.000686399987899	4.4000001	1.00E-06	0.01
0.000686599989422	4.4000001	1.00E-06	0.01
0.000686799990945	4.4000001	1.00E-06	0.01
0.000686999992467	4.4000001	1.00E-06	0.01
0.00068719999399	4.4000001	1.00E-06	0.01
0.000687399995513	4.4000001	1.00E-06	0.01
0.000687599997036	4.4000001	1.00E-06	0.01
0.000687799998559	4.4000001	1.00E-06	0.01
0.000688000000082	4.4000001	1.00E-06	0.01
0.000688200001605	4.36000013	1.00E-06	0.01
0.000688400003128	4.36000013	1.00E-06	0.01
0.000688600004651	4.36000013	1.00E-06	0.01
0.000688800006174	4.36000013	1.00E-06	0.01
0.000689000007696	4.36000013	1.00E-06	0.01
0.000689200009219	4.4000001	1.00E-06	0.01
0.000689400010742	4.4000001	1.00E-06	0.01
0.000689600012265	4.4000001	1.00E-06	0.01
0.000689800013788	4.36000013	1.00E-06	0.01
0.000690000015311	4.4000001	1.00E-06	0.01
0.000690200016834	4.4000001	1.00E-06	0.01
0.000690400018357	4.4000001	1.00E-06	0.01
0.00069060001988	4.4000001	1.00E-06	0.01
0.000690800021403	4.4000001	1.00E-06	0.01
0.000691000022925	4.4000001	1.00E-06	0.01
0.000691200024448	4.4000001	1.00E-06	0.01
0.000691400025971	4.4000001	1.00E-06	0.01
0.000691600027494	4.4000001	1.00E-06	0.01
0.000691800029017	4.4000001	1.00E-06	0.01
0.00069200003054	4.4000001	1.00E-06	0.01
0.000692199973855	4.4000001	1.00E-06	0.01
0.000692399975378	4.36000013	1.00E-06	0.01
0.000692599976901	4.36000013	1.00E-06	0.01
0.000692799978424	4.4000001	1.00E-06	0.01
0.000692999979947	4.4000001	1.00E-06	0.01
0.00069319998147	4.4000001	1.00E-06	0.01
0.000693399982993	4.4000001	1.00E-06	0.01
0.000693599984515	4.4000001	1.00E-06	0.01
0.000693799986038	4.4000001	1.00E-06	0.01
0.000693999987561	4.4000001	1.00E-06	0.01
0.000694199989084	4.4000001	1.00E-06	0.01
0.000694399990607	4.4000001	1.00E-06	0.01
0.00069459999213	4.4000001	1.00E-06	0.01
0.000694799993653	4.4000001	1.00E-06	0.01
0.000694999995176	4.4000001	1.00E-06	0.01
0.000695199996699	4.4000001	1.00E-06	0.01
0.000695399998222	4.4000001	1.00E-06	0.01
0.000695599999744	4.4000001	1.00E-06	0.01
0.000695800001267	4.4000001	1.00E-06	0.01
0.00069600000279	4.36000013	1.00E-06	0.01
0.000696200004313	4.36000013	1.00E-06	0.01
0.000696400005836	4.36000013	1.00E-06	0.01
0.000696600007359	4.4000001	1.00E-06	0.01
0.000696800008882	4.4000001	1.00E-06	0.01
0.000697000010405	4.4000001	1.00E-06	0.01
0.000697200011928	4.4000001	1.00E-06	0.01
0.000697400013451	4.4000001	1.00E-06	0.01
0.000697600014973	4.4000001	1.00E-06	0.01
0.000697800016496	4.4000001	1.00E-06	0.01
0.000698000018019	4.4000001	1.00E-06	0.01
0.000698200019542	4.4000001	1.00E-06	0.01
0.000698400021065	4.4000001	1.00E-06	0.01
0.000698600022588	4.4000001	1.00E-06	0.01
0.000698800024111	4.36000013	1.00E-06	0.01
0.000699000025634	4.36000013	1.00E-06	0.01
0.000699200027157	4.36000013	1.00E-06	0.01
0.00069940002868	4.4000001	1.00E-06	0.01
0.000699600030202	4.36000013	1.00E-06	0.01
0.000699799973518	4.36000013	1.00E-06	0.01
0.000699999975041	4.4000001	1.00E-06	0.01
0.000700199976563	4.36000013	1.00E-06	0.01
0.000700399978086	4.36000013	1.00E-06	0.01
0.000700599979609	4.36000013	1.00E-06	0.01
0.000700799981132	4.36000013	1.00E-06	0.01
0.000700999982655	4.36000013	1.00E-06	0.01
0.000701199984178	4.36000013	1.00E-06	0.01
0.000701399985701	4.36000013	1.00E-06	0.01
0.000701599987224	4.36000013	1.00E-06	0.01
0.000701799988747	4.36000013	1.00E-06	0.01
0.00070199999027	4.36000013	1.00E-06	0.01
0.000702199991792	4.36000013	1.00E-06	0.01
0.000702399993315	4.36000013	1.00E-06	0.01
0.000702599994838	4.36000013	1.00E-06	0.01
0.000702799996361	4.36000013	1.00E-06	0.01
0.000702999997884	4.36000013	1.00E-06	0.01
0.000703199999407	4.36000013	1.00E-06	0.01
0.00070340000093	4.36000013	1.00E-06	0.01
0.000703600002453	4.36000013	1.00E-06	0.01
0.000703800003976	4.36000013	1.00E-06	0.01
0.000704000005499	4.36000013	1.00E-06	0.01
0.000704200007021	4.36000013	1.00E-06	0.01
0.000704400008544	4.36000013	1.00E-06	0.01
0.000704600010067	4.36000013	1.00E-06	0.01
0.00070480001159	4.36000013	1.00E-06	0.01
0.000705000013113	4.36000013	1.00E-06	0.01
0.000705200014636	4.36000013	1.00E-06	0.01
0.000705400016159	4.36000013	1.00E-06	0.01
0.000705600017682	4.36000013	1.00E-06	0.01
0.000705800019205	4.36000013	1.00E-06	0.01
0.000706000020728	4.36000013	1.00E-06	0.01
0.00070620002225	4.36000013	1.00E-06	0.01
0.000706400023773	4.36000013	1.00E-06	0.01
0.000706600025296	4.36000013	1.00E-06	0.01
0.000706800026819	4.36000013	1.00E-06	0.01
0.000707000028342	4.36000013	1.00E-06	0.01
0.000707200029865	4.36000013	1.00E-06	0.01
0.000707400031388	4.36000013	1.00E-06	0.01
0.000707599974703	4.36000013	1.00E-06	0.01
0.000707799976226	4.36000013	1.00E-06	0.01
0.000707999977749	4.36000013	1.00E-06	0.01
0.000708199979272	4.36000013	1.00E-06	0.01
0.000708399980795	4.36000013	1.00E-06	0.01
0.000708599982318	4.36000013	1.00E-06	0.01
0.00070879998384	4.36000013	1.00E-06	0.01
0.000708999985363	4.36000013	1.00E-06	0.01
0.000709199986886	4.36000013	1.00E-06	0.01
0.000709399988409	4.36000013	1.00E-06	0.01
0.000709599989932	4.36000013	1.00E-06	0.01
0.000709799991455	4.36000013	1.00E-06	0.01
0.000709999992978	4.36000013	1.00E-06	0.01
0.000710199994501	4.36000013	1.00E-06	0.01
0.000710399996024	4.36000013	1.00E-06	0.01
0.000710599997547	4.36000013	1.00E-06	0.01
0.000710799999069	4.36000013	1.00E-06	0.01
0.000711000000592	4.36000013	1.00E-06	0.01
0.000711200002115	4.36000013	1.00E-06	0.01
0.000711400003638	4.36000013	1.00E-06	0.01
0.000711600005161	4.36000013	1.00E-06	0.01
0.000711800006684	4.36000013	1.00E-06	0.01
0.000712000008207	4.36000013	1.00E-06	0.01
0.00071220000973	4.36000013	1.00E-06	0.01
0.000712400011253	4.36000013	1.00E-06	0.01
0.000712600012776	4.36000013	1.00E-06	0.01
0.000712800014298	4.36000013	1.00E-06	0.01
0.000713000015821	4.36000013	1.00E-06	0.01
0.000713200017344	4.36000013	1.00E-06	0.01
0.000713400018867	4.36000013	1.00E-06	0.01
0.00071360002039	4.36000013	1.00E-06	0.01
0.000713800021913	4.36000013	1.00E-06	0.01
0.000714000023436	4.36000013	1.00E-06	0.01
0.000714200024959	4.36000013	1.00E-06	0.01
0.000714400026482	4.36000013	1.00E-06	0.01
0.000714600028004	4.36000013	1.00E-06	0.01
0.000714800029527	4.36000013	1.00E-06	0.01
0.00071500003105	4.36000013	1.00E-06	0.01
0.000715199974366	4.36000013	1.00E-06	0.01
0.000715399975888	4.36000013	1.00E-06	0.01
0.000715599977411	4.36000013	1.00E-06	0.01
0.000715799978934	4.36000013	1.00E-06	0.01
0.000715999980457	4.36000013	1.00E-06	0.01
0.00071619998198	4.36000013	1.00E-06	0.01
0.000716399983503	4.36000013	1.00E-06	0.01
0.000716599985026	4.36000013	1.00E-06	0.01
0.000716799986549	4.36000013	1.00E-06	0.01
0.000716999988072	4.36000013	1.00E-06	0.01
0.000717199989595	4.36000013	1.00E-06	0.01
0.000717399991117	4.36000013	1.00E-06	0.01
0.00071759999264	4.36000013	1.00E-06	0.01
0.000717799994163	4.36000013	1.00E-06	0.01
0.000717999995686	4.36000013	1.00E-06	0.01
0.000718199997209	4.36000013	1.00E-06	0.01
0.000718399998732	4.36000013	1.00E-06	0.01
0.000718600000255	4.36000013	1.00E-06	0.01
0.000718800001778	4.36000013	1.00E-06	0.01
0.000719000003301	4.36000013	1.00E-06	0.01
0.000719200004824	4.36000013	1.00E-06	0.01
0.000719400006346	4.36000013	1.00E-06	0.01
0.000719600007869	4.36000013	1.00E-06	0.01
0.000719800009392	4.36000013	1.00E-06	0.01
0.000720000010915	4.36000013	1.00E-06	0.01
0.000720200012438	4.36000013	1.00E-06	0.01
0.000720400013961	4.36000013	1.00E-06	0.01
0.000720600015484	4.36000013	1.00E-06	0.01
0.000720800017007	4.36000013	1.00E-06	0.01
0.00072100001853	4.36000013	1.00E-06	0.01
0.000721200020052	4.36000013	1.00E-06	0.01
0.000721400021575	4.36000013	1.00E-06	0.01
0.000721600023098	4.36000013	1.00E-06	0.01
0.000721800024621	4.36000013	1.00E-06	0.01
0.000722000026144	4.36000013	1.00E-06	0.01
0.000722200027667	4.36000013	1.00E-06	0.01
0.00072240002919	4.36000013	1.00E-06	0.01
0.000722600030713	4.36000013	1.00E-06	0.01
0.000722799974028	4.36000013	1.00E-06	0.01
0.000722999975551	4.36000013	1.00E-06	0.01
0.000723199977074	4.36000013	1.00E-06	0.01
0.000723399978597	4.36000013	1.00E-06	0.01
0.00072359998012	4.36000013	1.00E-06	0.01
0.000723799981643	4.36000013	1.00E-06	0.01
0.000723999983165	4.36000013	1.00E-06	0.01
0.000724199984688	4.36000013	1.00E-06	0.01
0.000724399986211	4.36000013	1.00E-06	0.01
0.000724599987734	4.36000013	1.00E-06	0.01
0.000724799989257	4.36000013	1.00E-06	0.01
0.00072499999078	4.36000013	1.00E-06	0.01
0.000725199992303	4.36000013	1.00E-06	0.01
0.000725399993826	4.36000013	1.00E-06	0.01
0.000725599995349	4.36000013	1.00E-06	0.01
0.000725799996872	4.36000013	1.00E-06	0.01
0.000725999998394	4.36000013	1.00E-06	0.01
0.000726199999917	4.36000013	1.00E-06	0.01
0.00072640000144	4.36000013	1.00E-06	0.01
0.000726600002963	4.36000013	1.00E-06	0.01
0.000726800004486	4.36000013	1.00E-06	0.01
0.000727000006009	4.36000013	1.00E-06	0.01
0.000727200007532	4.36000013	1.00E-06	0.01
0.000727400009055	4.36000013	1.00E-06	0.01
0.000727600010578	4.36000013	1.00E-06	0.01
0.0007278000121	4.36000013	1.00E-06	0.01
0.000728000013623	4.36000013	1.00E-06	0.01
0.000728200015146	4.36000013	1.00E-06	0.01
0.000728400016669	4.36000013	1.00E-06	0.01
0.000728600018192	4.36000013	1.00E-06	0.01
0.000728800019715	4.36000013	1.00E-06	0.01
0.000729000021238	4.36000013	1.00E-06	0.01
0.000729200022761	4.36000013	1.00E-06	0.01
0.000729400024284	4.36000013	1.00E-06	0.01
0.000729600025807	4.36000013	1.00E-06	0.01
0.000729800027329	4.36000013	1.00E-06	0.01
0.000730000028852	4.36000013	1.00E-06	0.01
0.000730200030375	4.36000013	1.00E-06	0.01
0.000730399973691	4.36000013	1.00E-06	0.01
0.000730599975213	4.36000013	1.00E-06	0.01
0.000730799976736	4.36000013	1.00E-06	0.01
0.000730999978259	4.36000013	1.00E-06	0.01
0.000731199979782	4.36000013	1.00E-06	0.01
0.000731399981305	4.36000013	1.00E-06	0.01
0.000731599982828	4.36000013	1.00E-06	0.01
0.000731799984351	4.36000013	1.00E-06	0.01
0.000731999985874	4.36000013	1.00E-06	0.01
0.000732199987397	4.36000013	1.00E-06	0.01
0.000732399988919	4.36000013	1.00E-06	0.01
0.000732599990442	4.36000013	1.00E-06	0.01
0.000732799991965	4.36000013	1.00E-06	0.01
0.000732999993488	4.36000013	1.00E-06	0.01
0.000733199995011	4.36000013	1.00E-06	0.01
0.000733399996534	4.36000013	1.00E-06	0.01
0.000733599998057	4.36000013	1.00E-06	0.01
0.00073379999958	4.36000013	1.00E-06	0.01
0.000734000001103	4.36000013	1.00E-06	0.01
0.000734200002626	4.36000013	1.00E-06	0.01
0.000734400004148	4.36000013	1.00E-06	0.01
0.000734600005671	4.36000013	1.00E-06	0.01
0.000734800007194	4.36000013	1.00E-06	0.01
0.000735000008717	4.36000013	1.00E-06	0.01
0.00073520001024	4.36000013	1.00E-06	0.01
0.000735400011763	4.36000013	1.00E-06	0.01
0.000735600013286	4.36000013	1.00E-06	0.01
0.000735800014809	4.36000013	1.00E-06	0.01
0.000736000016332	4.36000013	1.00E-06	0.01
0.000736200017855	4.36000013	1.00E-06	0.01
0.000736400019377	4.36000013	1.00E-06	0.01
0.0007366000209	4.36000013	1.00E-06	0.01
0.000736800022423	4.36000013	1.00E-06	0.01
0.000737000023946	4.4000001	1.00E-06	0.01
0.000737200025469	4.36000013	1.00E-06	0.01
0.000737400026992	4.36000013	1.00E-06	0.01
0.000737600028515	4.36000013	1.00E-06	0.01
0.000737800030038	4.36000013	1.00E-06	0.01
0.000738000031561	4.36000013	1.00E-06	0.01
0.000738199974876	4.36000013	1.00E-06	0.01
0.000738399976399	4.36000013	1.00E-06	0.01
0.000738599977922	4.36000013	1.00E-06	0.01
0.000738799979445	4.36000013	1.00E-06	0.01
0.000738999980967	4.36000013	1.00E-06	0.01
0.00073919998249	4.36000013	1.00E-06	0.01
0.000739399984013	4.36000013	1.00E-06	0.01
0.000739599985536	4.36000013	1.00E-06	0.01
0.000739799987059	4.36000013	1.00E-06	0.01
0.000739999988582	4.36000013	1.00E-06	0.01
0.000740199990105	4.36000013	1.00E-06	0.01
0.000740399991628	4.4000001	1.00E-06	0.01
0.000740599993151	4.36000013	1.00E-06	0.01
0.000740799994674	4.4000001	1.00E-06	0.01
0.000740999996196	4.4000001	1.00E-06	0.01
0.000741199997719	4.36000013	1.00E-06	0.01
0.000741399999242	4.36000013	1.00E-06	0.01
0.000741600000765	4.36000013	1.00E-06	0.01
0.000741800002288	4.36000013	1.00E-06	0.01
0.000742000003811	4.36000013	1.00E-06	0.01
0.000742200005334	4.36000013	1.00E-06	0.01
0.000742400006857	4.36000013	1.00E-06	0.01
0.00074260000838	4.36000013	1.00E-06	0.01
0.000742800009903	4.36000013	1.00E-06	0.01
0.000743000011425	4.36000013	1.00E-06	0.01
0.000743200012948	4.4000001	1.00E-06	0.01
0.000743400014471	4.36000013	1.00E-06	0.01
0.000743600015994	4.36000013	1.00E-06	0.01
0.000743800017517	4.36000013	1.00E-06	0.01
0.00074400001904	4.4000001	1.00E-06	0.01
0.000744200020563	4.36000013	1.00E-06	0.01
0.000744400022086	4.36000013	1.00E-06	0.01
0.000744600023609	4.36000013	1.00E-06	0.01
0.000744800025132	4.36000013	1.00E-06	0.01
0.000745000026654	4.36000013	1.00E-06	0.01
0.000745200028177	4.36000013	1.00E-06	0.01
0.0007454000297	4.36000013	1.00E-06	0.01
0.000745600031223	4.36000013	1.00E-06	0.01
0.000745799974538	4.36000013	1.00E-06	0.01
0.000745999976061	4.36000013	1.00E-06	0.01
0.000746199977584	4.4000001	1.00E-06	0.01
0.000746399979107	4.36000013	1.00E-06	0.01
0.00074659998063	4.4000001	1.00E-06	0.01
0.000746799982153	4.36000013	1.00E-06	0.01
0.000746999983676	4.4000001	1.00E-06	0.01
0.000747199985199	4.4000001	1.00E-06	0.01
0.000747399986722	4.4000001	1.00E-06	0.01
0.000747599988244	4.4000001	1.00E-06	0.01
0.000747799989767	4.4000001	1.00E-06	0.01
0.00074799999129	4.4000001	1.00E-06	0.01
0.000748199992813	4.4000001	1.00E-06	0.01
0.000748399994336	4.4000001	1.00E-06	0.01
0.000748599995859	4.4000001	1.00E-06	0.01
0.000748799997382	4.36000013	1.00E-06	0.01
0.000748999998905	4.4000001	1.00E-06	0.01
0.000749200000428	4.36000013	1.00E-06	0.01
0.000749400001951	4.4000001	1.00E-06	0.01
0.000749600003473	4.4000001	1.00E-06	0.01
0.000749800004996	4.4000001	1.00E-06	0.01
0.000750000006519	4.4000001	1.00E-06	0.01
0.000750200008042	4.4000001	1.00E-06	0.01
0.000750400009565	4.4000001	1.00E-06	0.01
0.000750600011088	4.4000001	1.00E-06	0.01
0.000750800012611	4.36000013	1.00E-06	0.01
0.000751000014134	4.36000013	1.00E-06	0.01
0.000751200015657	4.4000001	1.00E-06	0.01
0.00075140001718	4.36000013	1.00E-06	0.01
0.000751600018702	4.4000001	1.00E-06	0.01
0.000751800020225	4.36000013	1.00E-06	0.01
0.000752000021748	4.36000013	1.00E-06	0.01
0.000752200023271	4.36000013	1.00E-06	0.01
0.000752400024794	4.4000001	1.00E-06	0.01
0.000752600026317	4.4000001	1.00E-06	0.01
0.00075280002784	4.4000001	1.00E-06	0.01
0.000753000029363	4.4000001	1.00E-06	0.01
0.000753200030886	4.4000001	1.00E-06	0.01
0.000753399974201	4.4000001	1.00E-06	0.01
0.000753599975724	4.36000013	1.00E-06	0.01
0.000753799977247	4.36000013	1.00E-06	0.01
0.00075399997877	4.36000013	1.00E-06	0.01
0.000754199980292	4.36000013	1.00E-06	0.01
0.000754399981815	4.36000013	1.00E-06	0.01
0.000754599983338	4.36000013	1.00E-06	0.01
0.000754799984861	4.36000013	1.00E-06	0.01
0.000754999986384	4.36000013	1.00E-06	0.01
0.000755199987907	4.36000013	1.00E-06	0.01
0.00075539998943	4.36000013	1.00E-06	0.01
0.000755599990953	4.36000013	1.00E-06	0.01
0.000755799992476	4.4000001	1.00E-06	0.01
0.000755999993999	4.4000001	1.00E-06	0.01
0.000756199995521	4.4000001	1.00E-06	0.01
0.000756399997044	4.4000001	1.00E-06	0.01
0.000756599998567	4.4000001	1.00E-06	0.01
0.00075680000009	4.36000013	1.00E-06	0.01
0.000757000001613	4.4000001	1.00E-06	0.01
0.000757200003136	4.36000013	1.00E-06	0.01
0.000757400004659	4.36000013	1.00E-06	0.01
0.000757600006182	4.36000013	1.00E-06	0.01
0.000757800007705	4.36000013	1.00E-06	0.01
0.000758000009228	4.36000013	1.00E-06	0.01
0.00075820001075	4.36000013	1.00E-06	0.01
0.000758400012273	4.36000013	1.00E-06	0.01
0.000758600013796	4.36000013	1.00E-06	0.01
0.000758800015319	4.36000013	1.00E-06	0.01
0.000759000016842	4.36000013	1.00E-06	0.01
0.000759200018365	4.36000013	1.00E-06	0.01
0.000759400019888	4.36000013	1.00E-06	0.01
0.000759600021411	4.36000013	1.00E-06	0.01
0.000759800022934	4.36000013	1.00E-06	0.01
0.000760000024457	4.36000013	1.00E-06	0.01
0.000760200025979	4.36000013	1.00E-06	0.01
0.000760400027502	4.36000013	1.00E-06	0.01
0.000760600029025	4.36000013	1.00E-06	0.01
0.000760800030548	4.36000013	1.00E-06	0.01
0.000761000032071	4.36000013	1.00E-06	0.01
0.000761199975386	4.36000013	1.00E-06	0.01
0.000761399976909	4.36000013	1.00E-06	0.01
0.000761599978432	4.36000013	1.00E-06	0.01
0.000761799979955	4.36000013	1.00E-06	0.01
0.000761999981478	4.36000013	1.00E-06	0.01
0.000762199983001	4.36000013	1.00E-06	0.01
0.000762399984524	4.36000013	1.00E-06	0.01
0.000762599986047	4.36000013	1.00E-06	0.01
0.000762799987569	4.36000013	1.00E-06	0.01
0.000762999989092	4.36000013	1.00E-06	0.01
0.000763199990615	4.36000013	1.00E-06	0.01
0.000763399992138	4.36000013	1.00E-06	0.01
0.000763599993661	4.36000013	1.00E-06	0.01
0.000763799995184	4.36000013	1.00E-06	0.01
0.000763999996707	4.36000013	1.00E-06	0.01
0.00076419999823	4.36000013	1.00E-06	0.01
0.000764399999753	4.36000013	1.00E-06	0.01
0.000764600001276	4.36000013	1.00E-06	0.01
0.000764800002798	4.36000013	1.00E-06	0.01
0.000765000004321	4.36000013	1.00E-06	0.01
0.000765200005844	4.36000013	1.00E-06	0.01
0.000765400007367	4.36000013	1.00E-06	0.01
0.00076560000889	4.36000013	1.00E-06	0.01
0.000765800010413	4.36000013	1.00E-06	0.01
0.000766000011936	4.36000013	1.00E-06	0.01
0.000766200013459	4.36000013	1.00E-06	0.01
0.000766400014982	4.36000013	1.00E-06	0.01
0.000766600016505	4.36000013	1.00E-06	0.01
0.000766800018027	4.36000013	1.00E-06	0.01
0.00076700001955	4.36000013	1.00E-06	0.01
0.000767200021073	4.36000013	1.00E-06	0.01
0.000767400022596	4.36000013	1.00E-06	0.01
0.000767600024119	4.36000013	1.00E-06	0.01
0.000767800025642	4.36000013	1.00E-06	0.01
0.000768000027165	4.36000013	1.00E-06	0.01
0.000768200028688	4.36000013	1.00E-06	0.01
0.000768400030211	4.36000013	1.00E-06	0.01
0.000768600031734	4.36000013	1.00E-06	0.01
0.000768799975049	4.36000013	1.00E-06	0.01
0.000768999976572	4.36000013	1.00E-06	0.01
0.000769199978095	4.36000013	1.00E-06	0.01
0.000769399979617	4.36000013	1.00E-06	0.01
0.00076959998114	4.36000013	1.00E-06	0.01
0.000769799982663	4.36000013	1.00E-06	0.01
0.000769999984186	4.36000013	1.00E-06	0.01
0.000770199985709	4.36000013	1.00E-06	0.01
0.000770399987232	4.36000013	1.00E-06	0.01
0.000770599988755	4.36000013	1.00E-06	0.01
0.000770799990278	4.36000013	1.00E-06	0.01
0.000770999991801	4.36000013	1.00E-06	0.01
0.000771199993324	4.36000013	1.00E-06	0.01
0.000771399994846	4.36000013	1.00E-06	0.01
0.000771599996369	4.36000013	1.00E-06	0.01
0.000771799997892	4.36000013	1.00E-06	0.01
0.000771999999415	4.36000013	1.00E-06	0.01
0.000772200000938	4.36000013	1.00E-06	0.01
0.000772400002461	4.36000013	1.00E-06	0.01
0.000772600003984	4.36000013	1.00E-06	0.01
0.000772800005507	4.36000013	1.00E-06	0.01
0.00077300000703	4.36000013	1.00E-06	0.01
0.000773200008553	4.36000013	1.00E-06	0.01
0.000773400010075	4.36000013	1.00E-06	0.01
0.000773600011598	4.36000013	1.00E-06	0.01
0.000773800013121	4.36000013	1.00E-06	0.01
0.000774000014644	4.36000013	1.00E-06	0.01
0.000774200016167	4.36000013	1.00E-06	0.01
0.00077440001769	4.36000013	1.00E-06	0.01
0.000774600019213	4.36000013	1.00E-06	0.01
0.000774800020736	4.36000013	1.00E-06	0.01
0.000775000022259	4.36000013	1.00E-06	0.01
0.000775200023782	4.36000013	1.00E-06	0.01
0.000775400025304	4.36000013	1.00E-06	0.01
0.000775600026827	4.36000013	1.00E-06	0.01
0.00077580002835	4.36000013	1.00E-06	0.01
0.000776000029873	4.36000013	1.00E-06	0.01
0.000776200031396	4.36000013	1.00E-06	0.01
0.000776399974711	4.36000013	1.00E-06	0.01
0.000776599976234	4.36000013	1.00E-06	0.01
0.000776799977757	4.36000013	1.00E-06	0.01
0.00077699997928	4.36000013	1.00E-06	0.01
0.000777199980803	4.36000013	1.00E-06	0.01
0.000777399982326	4.36000013	1.00E-06	0.01
0.000777599983849	4.36000013	1.00E-06	0.01
0.000777799985372	4.36000013	1.00E-06	0.01
0.000777999986894	4.36000013	1.00E-06	0.01
0.000778199988417	4.36000013	1.00E-06	0.01
0.00077839998994	4.36000013	1.00E-06	0.01
0.000778599991463	4.36000013	1.00E-06	0.01
0.000778799992986	4.36000013	1.00E-06	0.01
0.000778999994509	4.36000013	1.00E-06	0.01
0.000779199996032	4.36000013	1.00E-06	0.01
0.000779399997555	4.36000013	1.00E-06	0.01
0.000779599999078	4.36000013	1.00E-06	0.01
0.000779800000601	4.36000013	1.00E-06	0.01
0.000780000002123	4.36000013	1.00E-06	0.01
0.000780200003646	4.36000013	1.00E-06	0.01
0.000780400005169	4.36000013	1.00E-06	0.01
0.000780600006692	4.36000013	1.00E-06	0.01
0.000780800008215	4.36000013	1.00E-06	0.01
0.000781000009738	4.36000013	1.00E-06	0.01
0.000781200011261	4.36000013	1.00E-06	0.01
0.000781400012784	4.36000013	1.00E-06	0.01
0.000781600014307	4.36000013	1.00E-06	0.01
0.00078180001583	4.36000013	1.00E-06	0.01
0.000782000017352	4.36000013	1.00E-06	0.01
0.000782200018875	4.36000013	1.00E-06	0.01
0.000782400020398	4.36000013	1.00E-06	0.01
0.000782600021921	4.36000013	1.00E-06	0.01
0.000782800023444	4.36000013	1.00E-06	0.01
0.000783000024967	4.36000013	1.00E-06	0.01
0.00078320002649	4.36000013	1.00E-06	0.01
0.000783400028013	4.36000013	1.00E-06	0.01
0.000783600029536	4.36000013	1.00E-06	0.01
0.000783800031058	4.36000013	1.00E-06	0.01
0.000783999974374	4.36000013	1.00E-06	0.01
0.000784199975897	4.36000013	1.00E-06	0.01
0.00078439997742	4.36000013	1.00E-06	0.01
0.000784599978942	4.36000013	1.00E-06	0.01
0.000784799980465	4.36000013	1.00E-06	0.01
0.000784999981988	4.36000013	1.00E-06	0.01
0.000785199983511	4.36000013	1.00E-06	0.01
0.000785399985034	4.36000013	1.00E-06	0.01
0.000785599986557	4.36000013	1.00E-06	0.01
0.00078579998808	4.36000013	1.00E-06	0.01
0.000785999989603	4.36000013	1.00E-06	0.01
0.000786199991126	4.36000013	1.00E-06	0.01
0.000786399992649	4.36000013	1.00E-06	0.01
0.000786599994171	4.36000013	1.00E-06	0.01
0.000786799995694	4.36000013	1.00E-06	0.01
0.000786999997217	4.36000013	1.00E-06	0.01
0.00078719999874	4.36000013	1.00E-06	0.01
0.000787400000263	4.36000013	1.00E-06	0.01
0.000787600001786	4.36000013	1.00E-06	0.01
0.000787800003309	4.36000013	1.00E-06	0.01
0.000788000004832	4.36000013	1.00E-06	0.01
0.000788200006355	4.36000013	1.00E-06	0.01
0.000788400007877	4.36000013	1.00E-06	0.01
0.0007886000094	4.36000013	1.00E-06	0.01
0.000788800010923	4.36000013	1.00E-06	0.01
0.000789000012446	4.36000013	1.00E-06	0.01
0.000789200013969	4.36000013	1.00E-06	0.01
0.000789400015492	4.36000013	1.00E-06	0.01
0.000789600017015	4.36000013	1.00E-06	0.01
0.000789800018538	4.36000013	1.00E-06	0.01
0.000790000020061	4.36000013	1.00E-06	0.01
0.000790200021584	4.36000013	1.00E-06	0.01
0.000790400023106	4.36000013	1.00E-06	0.01
0.000790600024629	4.36000013	1.00E-06	0.01
0.000790800026152	4.36000013	1.00E-06	0.01
0.000791000027675	4.36000013	1.00E-06	0.01
0.000791200029198	4.36000013	1.00E-06	0.01
0.000791400030721	4.36000013	1.00E-06	0.01
0.000791600032244	4.36000013	1.00E-06	0.01
0.000791799975559	4.36000013	1.00E-06	0.01
0.000791999977082	4.36000013	1.00E-06	0.01
0.000792199978605	4.36000013	1.00E-06	0.01
0.000792399980128	4.36000013	1.00E-06	0.01
0.000792599981651	4.36000013	1.00E-06	0.01
0.000792799983174	4.36000013	1.00E-06	0.01
0.000792999984697	4.36000013	1.00E-06	0.01
0.000793199986219	4.36000013	1.00E-06	0.01
0.000793399987742	4.36000013	1.00E-06	0.01
0.000793599989265	4.36000013	1.00E-06	0.01
0.000793799990788	4.36000013	1.00E-06	0.01
