0.00085799995577	4.36000013	1.00E-06	0.01
0.000858199957293	4.36000013	1.00E-06	0.01
0.000858399958815	4.36000013	1.00E-06	0.01
0.000858599960338	4.36000013	1.00E-06	0.01
0.000858799961861	4.36000013	1.00E-06	0.01
0.000858999963384	4.36000013	1.00E-06	0.01
0.000859199964907	4.36000013	1.00E-06	0.01
0.00085939996643	4.36000013	1.00E-06	0.01
0.000859599967953	4.36000013	1.00E-06	0.01
0.000859799969476	4.36000013	1.00E-06	0.01
0.000859999970999	4.36000013	1.00E-06	0.01
0.000860199972522	4.36000013	1.00E-06	0.01
0.000860399974044	4.36000013	1.00E-06	0.01
0.000860599975567	4.4000001	1.00E-06	0.01
0.00086079997709	4.4000001	1.00E-06	0.01
0.000860999978613	4.36000013	1.00E-06	0.01
0.000861199980136	4.36000013	1.00E-06	0.01
0.000861399981659	4.4000001	1.00E-06	0.01
0.000861599983182	4.4000001	1.00E-06	0.01
0.000861799984705	4.36000013	1.00E-06	0.01
0.00086199992802	4.4000001	1.00E-06	0.01
0.000862199929543	4.4000001	1.00E-06	0.01
0.000862399931066	4.36000013	1.00E-06	0.01
0.000862599932589	4.4000001	1.00E-06	0.01
0.000862799934112	4.4000001	1.00E-06	0.01
0.000862999935634	4.4000001	1.00E-06	0.01
0.000863199937157	4.36000013	1.00E-06	0.01
0.00086339993868	4.4000001	1.00E-06	0.01
0.000863599940203	4.4000001	1.00E-06	0.01
0.000863799941726	4.4000001	1.00E-06	0.01
0.000863999943249	4.4000001	1.00E-06	0.01
0.000864199944772	4.4000001	1.00E-06	0.01
0.000864399946295	4.4000001	1.00E-06	0.01
0.000864599947818	4.4000001	1.00E-06	0.01
0.000864799949341	4.4000001	1.00E-06	0.01
0.000864999950863	4.4000001	1.00E-06	0.01
0.000865199952386	4.4000001	1.00E-06	0.01
0.000865399953909	4.4000001	1.00E-06	0.01
0.000865599955432	4.4000001	1.00E-06	0.01
0.000865799956955	4.4000001	1.00E-06	0.01
0.000865999958478	4.4000001	1.00E-06	0.01
0.000866199960001	4.4000001	1.00E-06	0.01
0.000866399961524	4.4000001	1.00E-06	0.01
0.000866599963047	4.4000001	1.00E-06	0.01
0.00086679996457	4.4000001	1.00E-06	0.01
0.000866999966092	4.36000013	1.00E-06	0.01
0.000867199967615	4.4000001	1.00E-06	0.01
0.000867399969138	4.4000001	1.00E-06	0.01
0.000867599970661	4.4000001	1.00E-06	0.01
0.000867799972184	4.4000001	1.00E-06	0.01
0.000867999973707	4.4000001	1.00E-06	0.01
0.00086819997523	4.4000001	1.00E-06	0.01
0.000868399976753	4.4000001	1.00E-06	0.01
0.000868599978276	4.4000001	1.00E-06	0.01
0.000868799979798	4.4000001	1.00E-06	0.01
0.000868999981321	4.4000001	1.00E-06	0.01
0.000869199982844	4.36000013	1.00E-06	0.01
0.000869399984367	4.36000013	1.00E-06	0.01
0.000869599927682	4.4000001	1.00E-06	0.01
0.000869799929205	4.36000013	1.00E-06	0.01
0.000869999930728	4.36000013	1.00E-06	0.01
0.000870199932251	4.36000013	1.00E-06	0.01
0.000870399933774	4.4000001	1.00E-06	0.01
0.000870599935297	4.36000013	1.00E-06	0.01
0.00087079993682	4.36000013	1.00E-06	0.01
0.000870999938343	4.36000013	1.00E-06	0.01
0.000871199939866	4.36000013	1.00E-06	0.01
0.000871399941389	4.36000013	1.00E-06	0.01
0.000871599942911	4.36000013	1.00E-06	0.01
0.000871799944434	4.36000013	1.00E-06	0.01
0.000871999945957	4.36000013	1.00E-06	0.01
0.00087219994748	4.36000013	1.00E-06	0.01
0.000872399949003	4.36000013	1.00E-06	0.01
0.000872599950526	4.36000013	1.00E-06	0.01
0.000872799952049	4.36000013	1.00E-06	0.01
0.000872999953572	4.36000013	1.00E-06	0.01
0.000873199955095	4.36000013	1.00E-06	0.01
0.000873399956618	4.36000013	1.00E-06	0.01
0.00087359995814	4.36000013	1.00E-06	0.01
0.000873799959663	4.36000013	1.00E-06	0.01
0.000873999961186	4.36000013	1.00E-06	0.01
0.000874199962709	4.36000013	1.00E-06	0.01
0.000874399964232	4.36000013	1.00E-06	0.01
0.000874599965755	4.36000013	1.00E-06	0.01
0.000874799967278	4.36000013	1.00E-06	0.01
0.000874999968801	4.36000013	1.00E-06	0.01
0.000875199970324	4.36000013	1.00E-06	0.01
0.000875399971846	4.36000013	1.00E-06	0.01
0.000875599973369	4.36000013	1.00E-06	0.01
0.000875799974892	4.36000013	1.00E-06	0.01
0.000875999976415	4.36000013	1.00E-06	0.01
0.000876199977938	4.36000013	1.00E-06	0.01
0.000876399979461	4.36000013	1.00E-06	0.01
0.000876599980984	4.36000013	1.00E-06	0.01
0.000876799982507	4.36000013	1.00E-06	0.01
0.00087699998403	4.36000013	1.00E-06	0.01
0.000877199927345	4.36000013	1.00E-06	0.01
0.000877399928868	4.36000013	1.00E-06	0.01
0.000877599930391	4.4000001	1.00E-06	0.01
0.000877799931914	4.36000013	1.00E-06	0.01
0.000877999933437	4.36000013	1.00E-06	0.01
0.000878199934959	4.36000013	1.00E-06	0.01
0.000878399936482	4.36000013	1.00E-06	0.01
0.000878599938005	4.36000013	1.00E-06	0.01
0.000878799939528	4.36000013	1.00E-06	0.01
0.000878999941051	4.36000013	1.00E-06	0.01
0.000879199942574	4.36000013	1.00E-06	0.01
0.000879399944097	4.36000013	1.00E-06	0.01
0.00087959994562	4.36000013	1.00E-06	0.01
0.000879799947143	4.36000013	1.00E-06	0.01
0.000879999948665	4.36000013	1.00E-06	0.01
0.000880199950188	4.36000013	1.00E-06	0.01
0.000880399951711	4.36000013	1.00E-06	0.01
0.000880599953234	4.36000013	1.00E-06	0.01
0.000880799954757	4.36000013	1.00E-06	0.01
0.00088099995628	4.36000013	1.00E-06	0.01
0.000881199957803	4.36000013	1.00E-06	0.01
0.000881399959326	4.36000013	1.00E-06	0.01
0.000881599960849	4.36000013	1.00E-06	0.01
0.000881799962372	4.36000013	1.00E-06	0.01
0.000881999963894	4.36000013	1.00E-06	0.01
0.000882199965417	4.36000013	1.00E-06	0.01
0.00088239996694	4.36000013	1.00E-06	0.01
0.000882599968463	4.36000013	1.00E-06	0.01
0.000882799969986	4.36000013	1.00E-06	0.01
0.000882999971509	4.36000013	1.00E-06	0.01
0.000883199973032	4.4000001	1.00E-06	0.01
0.000883399974555	4.4000001	1.00E-06	0.01
0.000883599976078	4.36000013	1.00E-06	0.01
0.000883799977601	4.4000001	1.00E-06	0.01
0.000883999979123	4.36000013	1.00E-06	0.01
0.000884199980646	4.36000013	1.00E-06	0.01
0.000884399982169	4.36000013	1.00E-06	0.01
0.000884599983692	4.4000001	1.00E-06	0.01
0.000884799927007	4.36000013	1.00E-06	0.01
0.00088499992853	4.36000013	1.00E-06	0.01
0.000885199930053	4.4000001	1.00E-06	0.01
0.000885399931576	4.36000013	1.00E-06	0.01
0.000885599933099	4.4000001	1.00E-06	0.01
0.000885799934622	4.36000013	1.00E-06	0.01
0.000885999936145	4.36000013	1.00E-06	0.01
0.000886199937668	4.36000013	1.00E-06	0.01
0.000886399939191	4.36000013	1.00E-06	0.01
0.000886599940713	4.36000013	1.00E-06	0.01
0.000886799942236	4.36000013	1.00E-06	0.01
0.000886999943759	4.36000013	1.00E-06	0.01
0.000887199945282	4.36000013	1.00E-06	0.01
0.000887399946805	4.4000001	1.00E-06	0.01
0.000887599948328	4.36000013	1.00E-06	0.01
0.000887799949851	4.36000013	1.00E-06	0.01
0.000887999951374	4.36000013	1.00E-06	0.01
0.000888199952897	4.36000013	1.00E-06	0.01
0.00088839995442	4.36000013	1.00E-06	0.01
0.000888599955942	4.4000001	1.00E-06	0.01
0.000888799957465	4.4000001	1.00E-06	0.01
0.000888999958988	4.36000013	1.00E-06	0.01
0.000889199960511	4.36000013	1.00E-06	0.01
0.000889399962034	4.36000013	1.00E-06	0.01
0.000889599963557	4.36000013	1.00E-06	0.01
0.00088979996508	4.36000013	1.00E-06	0.01
0.000889999966603	4.36000013	1.00E-06	0.01
0.000890199968126	4.36000013	1.00E-06	0.01
0.000890399969649	4.36000013	1.00E-06	0.01
0.000890599971171	4.36000013	1.00E-06	0.01
0.000890799972694	4.36000013	1.00E-06	0.01
0.000890999974217	4.36000013	1.00E-06	0.01
0.00089119997574	4.36000013	1.00E-06	0.01
0.000891399977263	4.36000013	1.00E-06	0.01
0.000891599978786	4.36000013	1.00E-06	0.01
0.000891799980309	4.36000013	1.00E-06	0.01
0.000891999981832	4.36000013	1.00E-06	0.01
0.000892199983355	4.36000013	1.00E-06	0.01
0.000892399984878	4.36000013	1.00E-06	0.01
0.000892599928193	4.36000013	1.00E-06	0.01
0.000892799929716	4.36000013	1.00E-06	0.01
0.000892999931239	4.36000013	1.00E-06	0.01
0.000893199932761	4.36000013	1.00E-06	0.01
0.000893399934284	4.36000013	1.00E-06	0.01
0.000893599935807	4.36000013	1.00E-06	0.01
0.00089379993733	4.36000013	1.00E-06	0.01
0.000893999938853	4.36000013	1.00E-06	0.01
0.000894199940376	4.36000013	1.00E-06	0.01
0.000894399941899	4.36000013	1.00E-06	0.01
0.000894599943422	4.36000013	1.00E-06	0.01
0.000894799944945	4.36000013	1.00E-06	0.01
0.000894999946468	4.36000013	1.00E-06	0.01
0.00089519994799	4.36000013	1.00E-06	0.01
0.000895399949513	4.36000013	1.00E-06	0.01
0.000895599951036	4.36000013	1.00E-06	0.01
0.000895799952559	4.36000013	1.00E-06	0.01
0.000895999954082	4.36000013	1.00E-06	0.01
0.000896199955605	4.36000013	1.00E-06	0.01
0.000896399957128	4.36000013	1.00E-06	0.01
0.000896599958651	4.36000013	1.00E-06	0.01
0.000896799960174	4.36000013	1.00E-06	0.01
0.000896999961697	4.36000013	1.00E-06	0.01
0.000897199963219	4.36000013	1.00E-06	0.01
0.000897399964742	4.36000013	1.00E-06	0.01
0.000897599966265	4.36000013	1.00E-06	0.01
0.000897799967788	4.36000013	1.00E-06	0.01
0.000897999969311	4.36000013	1.00E-06	0.01
0.000898199970834	4.36000013	1.00E-06	0.01
0.000898399972357	4.36000013	1.00E-06	0.01
0.00089859997388	4.36000013	1.00E-06	0.01
0.000898799975403	4.36000013	1.00E-06	0.01
0.000898999976926	4.36000013	1.00E-06	0.01
0.000899199978448	4.36000013	1.00E-06	0.01
0.000899399979971	4.36000013	1.00E-06	0.01
0.000899599981494	4.36000013	1.00E-06	0.01
0.000899799983017	4.36000013	1.00E-06	0.01
0.00089999998454	4.36000013	1.00E-06	0.01
0.000900199927855	4.36000013	1.00E-06	0.01
0.000900399929378	4.4000001	1.00E-06	0.01
0.000900599930901	4.4000001	1.00E-06	0.01
0.000900799932424	4.36000013	1.00E-06	0.01
0.000900999933947	4.4000001	1.00E-06	0.01
0.00090119993547	4.4000001	1.00E-06	0.01
0.000901399936993	4.36000013	1.00E-06	0.01
0.000901599938516	4.36000013	1.00E-06	0.01
0.000901799940038	4.36000013	1.00E-06	0.01
0.000901999941561	4.4000001	1.00E-06	0.01
0.000902199943084	4.4000001	1.00E-06	0.01
0.000902399944607	4.36000013	1.00E-06	0.01
0.00090259994613	4.36000013	1.00E-06	0.01
0.000902799947653	4.36000013	1.00E-06	0.01
0.000902999949176	4.4000001	1.00E-06	0.01
0.000903199950699	4.4000001	1.00E-06	0.01
0.000903399952222	4.36000013	1.00E-06	0.01
0.000903599953745	4.4000001	1.00E-06	0.01
0.000903799955267	4.4000001	1.00E-06	0.01
0.00090399995679	4.36000013	1.00E-06	0.01
0.000904199958313	4.4000001	1.00E-06	0.01
0.000904399959836	4.4000001	1.00E-06	0.01
0.000904599961359	4.4000001	1.00E-06	0.01
0.000904799962882	4.4000001	1.00E-06	0.01
0.000904999964405	4.4000001	1.00E-06	0.01
0.000905199965928	4.4000001	1.00E-06	0.01
0.000905399967451	4.4000001	1.00E-06	0.01
0.000905599968974	4.4000001	1.00E-06	0.01
0.000905799970496	4.4000001	1.00E-06	0.01
0.000905999972019	4.4000001	1.00E-06	0.01
0.000906199973542	4.4000001	1.00E-06	0.01
0.000906399975065	4.4000001	1.00E-06	0.01
0.000906599976588	4.4000001	1.00E-06	0.01
0.000906799978111	4.4000001	1.00E-06	0.01
0.000906999979634	4.4000001	1.00E-06	0.01
0.000907199981157	4.4000001	1.00E-06	0.01
0.00090739998268	4.36000013	1.00E-06	0.01
0.000907599984203	4.4000001	1.00E-06	0.01
0.000907799927518	4.36000013	1.00E-06	0.01
0.000907999929041	4.36000013	1.00E-06	0.01
0.000908199930564	4.36000013	1.00E-06	0.01
0.000908399932086	4.4000001	1.00E-06	0.01
0.000908599933609	4.36000013	1.00E-06	0.01
0.000908799935132	4.36000013	1.00E-06	0.01
0.000908999936655	4.36000013	1.00E-06	0.01
0.000909199938178	4.4000001	1.00E-06	0.01
0.000909399939701	4.36000013	1.00E-06	0.01
0.000909599941224	4.36000013	1.00E-06	0.01
0.000909799942747	4.36000013	1.00E-06	0.01
0.00090999994427	4.4000001	1.00E-06	0.01
0.000910199945793	4.36000013	1.00E-06	0.01
0.000910399947315	4.36000013	1.00E-06	0.01
0.000910599948838	4.36000013	1.00E-06	0.01
0.000910799950361	4.36000013	1.00E-06	0.01
0.000910999951884	4.36000013	1.00E-06	0.01
0.000911199953407	4.36000013	1.00E-06	0.01
0.00091139995493	4.36000013	1.00E-06	0.01
0.000911599956453	4.36000013	1.00E-06	0.01
0.000911799957976	4.36000013	1.00E-06	0.01
0.000911999959499	4.36000013	1.00E-06	0.01
0.000912199961022	4.36000013	1.00E-06	0.01
0.000912399962544	4.36000013	1.00E-06	0.01
0.000912599964067	4.36000013	1.00E-06	0.01
0.00091279996559	4.36000013	1.00E-06	0.01
0.000912999967113	4.36000013	1.00E-06	0.01
0.000913199968636	4.36000013	1.00E-06	0.01
0.000913399970159	4.36000013	1.00E-06	0.01
0.000913599971682	4.36000013	1.00E-06	0.01
0.000913799973205	4.4000001	1.00E-06	0.01
0.000913999974728	4.36000013	1.00E-06	0.01
0.000914199976251	4.36000013	1.00E-06	0.01
0.000914399977773	4.36000013	1.00E-06	0.01
0.000914599979296	4.36000013	1.00E-06	0.01
0.000914799980819	4.36000013	1.00E-06	0.01
0.000914999982342	4.36000013	1.00E-06	0.01
0.000915199983865	4.36000013	1.00E-06	0.01
0.000915399985388	4.36000013	1.00E-06	0.01
0.000915599928703	4.4000001	1.00E-06	0.01
0.000915799930226	4.36000013	1.00E-06	0.01
0.000915999931749	4.36000013	1.00E-06	0.01
0.000916199933272	4.4000001	1.00E-06	0.01
0.000916399934795	4.36000013	1.00E-06	0.01
0.000916599936318	4.36000013	1.00E-06	0.01
0.000916799937841	4.36000013	1.00E-06	0.01
0.000916999939363	4.4000001	1.00E-06	0.01
0.000917199940886	4.36000013	1.00E-06	0.01
0.000917399942409	4.36000013	1.00E-06	0.01
0.000917599943932	4.36000013	1.00E-06	0.01
0.000917799945455	4.4000001	1.00E-06	0.01
0.000917999946978	4.4000001	1.00E-06	0.01
0.000918199948501	4.36000013	1.00E-06	0.01
0.000918399950024	4.4000001	1.00E-06	0.01
0.000918599951547	4.36000013	1.00E-06	0.01
0.00091879995307	4.36000013	1.00E-06	0.01
0.000918999954592	4.4000001	1.00E-06	0.01
0.000919199956115	4.36000013	1.00E-06	0.01
0.000919399957638	4.4000001	1.00E-06	0.01
0.000919599959161	4.4000001	1.00E-06	0.01
0.000919799960684	4.36000013	1.00E-06	0.01
0.000919999962207	4.4000001	1.00E-06	0.01
0.00092019996373	4.4000001	1.00E-06	0.01
0.000920399965253	4.4000001	1.00E-06	0.01
0.000920599966776	4.4000001	1.00E-06	0.01
0.000920799968299	4.4000001	1.00E-06	0.01
0.000920999969821	4.4000001	1.00E-06	0.01
0.000921199971344	4.4000001	1.00E-06	0.01
0.000921399972867	4.4000001	1.00E-06	0.01
0.00092159997439	4.4000001	1.00E-06	0.01
0.000921799975913	4.4000001	1.00E-06	0.01
0.000921999977436	4.4000001	1.00E-06	0.01
0.000922199978959	4.4000001	1.00E-06	0.01
0.000922399980482	4.4000001	1.00E-06	0.01
0.000922599982005	4.4000001	1.00E-06	0.01
0.000922799983528	4.4000001	1.00E-06	0.01
0.00092299998505	4.4000001	1.00E-06	0.01
0.000923199928366	4.4000001	1.00E-06	0.01
0.000923399929889	4.4000001	1.00E-06	0.01
0.000923599931411	4.4000001	1.00E-06	0.01
0.000923799932934	4.4000001	1.00E-06	0.01
0.000923999934457	4.36000013	1.00E-06	0.01
0.00092419993598	4.4000001	1.00E-06	0.01
0.000924399937503	4.4000001	1.00E-06	0.01
0.000924599939026	4.36000013	1.00E-06	0.01
0.000924799940549	4.4000001	1.00E-06	0.01
0.000924999942072	4.4000001	1.00E-06	0.01
0.000925199943595	4.4000001	1.00E-06	0.01
0.000925399945118	4.4000001	1.00E-06	0.01
0.00092559994664	4.4000001	1.00E-06	0.01
0.000925799948163	4.4000001	1.00E-06	0.01
0.000925999949686	4.36000013	1.00E-06	0.01
0.000926199951209	4.4000001	1.00E-06	0.01
0.000926399952732	4.4000001	1.00E-06	0.01
0.000926599954255	4.4000001	1.00E-06	0.01
0.000926799955778	4.4000001	1.00E-06	0.01
0.000926999957301	4.4000001	1.00E-06	0.01
0.000927199958824	4.36000013	1.00E-06	0.01
0.000927399960347	4.36000013	1.00E-06	0.01
0.000927599961869	4.36000013	1.00E-06	0.01
0.000927799963392	4.36000013	1.00E-06	0.01
0.000927999964915	4.36000013	1.00E-06	0.01
0.000928199966438	4.4000001	1.00E-06	0.01
0.000928399967961	4.36000013	1.00E-06	0.01
0.000928599969484	4.36000013	1.00E-06	0.01
0.000928799971007	4.36000013	1.00E-06	0.01
0.00092899997253	4.36000013	1.00E-06	0.01
0.000929199974053	4.36000013	1.00E-06	0.01
0.000929399975576	4.36000013	1.00E-06	0.01
0.000929599977098	4.36000013	1.00E-06	0.01
0.000929799978621	4.36000013	1.00E-06	0.01
0.000929999980144	4.36000013	1.00E-06	0.01
0.000930199981667	4.36000013	1.00E-06	0.01
0.00093039998319	4.36000013	1.00E-06	0.01
0.000930599984713	4.36000013	1.00E-06	0.01
0.000930799928028	4.36000013	1.00E-06	0.01
0.000930999929551	4.36000013	1.00E-06	0.01
0.000931199931074	4.36000013	1.00E-06	0.01
0.000931399932597	4.36000013	1.00E-06	0.01
0.00093159993412	4.36000013	1.00E-06	0.01
0.000931799935643	4.36000013	1.00E-06	0.01
0.000931999937166	4.36000013	1.00E-06	0.01
0.000932199938688	4.36000013	1.00E-06	0.01
0.000932399940211	4.36000013	1.00E-06	0.01
0.000932599941734	4.36000013	1.00E-06	0.01
0.000932799943257	4.36000013	1.00E-06	0.01
0.00093299994478	4.36000013	1.00E-06	0.01
0.000933199946303	4.4000001	1.00E-06	0.01
0.000933399947826	4.36000013	1.00E-06	0.01
0.000933599949349	4.4000001	1.00E-06	0.01
0.000933799950872	4.36000013	1.00E-06	0.01
0.000933999952395	4.36000013	1.00E-06	0.01
0.000934199953917	4.36000013	1.00E-06	0.01
0.00093439995544	4.36000013	1.00E-06	0.01
0.000934599956963	4.36000013	1.00E-06	0.01
0.000934799958486	4.36000013	1.00E-06	0.01
0.000934999960009	4.36000013	1.00E-06	0.01
0.000935199961532	4.36000013	1.00E-06	0.01
0.000935399963055	4.36000013	1.00E-06	0.01
0.000935599964578	4.36000013	1.00E-06	0.01
0.000935799966101	4.36000013	1.00E-06	0.01
0.000935999967624	4.36000013	1.00E-06	0.01
0.000936199969146	4.4000001	1.00E-06	0.01
0.000936399970669	4.36000013	1.00E-06	0.01
0.000936599972192	4.36000013	1.00E-06	0.01
0.000936799973715	4.4000001	1.00E-06	0.01
0.000936999975238	4.4000001	1.00E-06	0.01
0.000937199976761	4.36000013	1.00E-06	0.01
0.000937399978284	4.36000013	1.00E-06	0.01
0.000937599979807	4.36000013	1.00E-06	0.01
0.00093779998133	4.4000001	1.00E-06	0.01
0.000937999982852	4.36000013	1.00E-06	0.01
0.000938199984375	4.36000013	1.00E-06	0.01
0.000938399927691	4.4000001	1.00E-06	0.01
0.000938599929214	4.36000013	1.00E-06	0.01
0.000938799930736	4.4000001	1.00E-06	0.01
0.000938999932259	4.36000013	1.00E-06	0.01
0.000939199933782	4.4000001	1.00E-06	0.01
0.000939399935305	4.36000013	1.00E-06	0.01
0.000939599936828	4.4000001	1.00E-06	0.01
0.000939799938351	4.4000001	1.00E-06	0.01
0.000939999939874	4.4000001	1.00E-06	0.01
0.000940199941397	4.4000001	1.00E-06	0.01
0.00094039994292	4.36000013	1.00E-06	0.01
0.000940599944443	4.4000001	1.00E-06	0.01
0.000940799945965	4.4000001	1.00E-06	0.01
0.000940999947488	4.4000001	1.00E-06	0.01
0.000941199949011	4.4000001	1.00E-06	0.01
0.000941399950534	4.4000001	1.00E-06	0.01
0.000941599952057	4.4000001	1.00E-06	0.01
0.00094179995358	4.4000001	1.00E-06	0.01
0.000941999955103	4.4000001	1.00E-06	0.01
0.000942199956626	4.36000013	1.00E-06	0.01
0.000942399958149	4.4000001	1.00E-06	0.01
0.000942599959671	4.4000001	1.00E-06	0.01
0.000942799961194	4.4000001	1.00E-06	0.01
0.000942999962717	4.4000001	1.00E-06	0.01
0.00094319996424	4.4000001	1.00E-06	0.01
0.000943399965763	4.4000001	1.00E-06	0.01
0.000943599967286	4.36000013	1.00E-06	0.01
0.000943799968809	4.4000001	1.00E-06	0.01
0.000943999970332	4.4000001	1.00E-06	0.01
0.000944199971855	4.4000001	1.00E-06	0.01
0.000944399973378	4.4000001	1.00E-06	0.01
0.0009445999749	4.4000001	1.00E-06	0.01
0.000944799976423	4.4000001	1.00E-06	0.01
0.000944999977946	4.4000001	1.00E-06	0.01
0.000945199979469	4.36000013	1.00E-06	0.01
0.000945399980992	4.4000001	1.00E-06	0.01
0.000945599982515	4.4000001	1.00E-06	0.01
0.000945799984038	4.36000013	1.00E-06	0.01
0.000945999985561	4.36000013	1.00E-06	0.01
0.000946199928876	4.36000013	1.00E-06	0.01
0.000946399930399	4.4000001	1.00E-06	0.01
0.000946599931922	4.36000013	1.00E-06	0.01
0.000946799933445	4.36000013	1.00E-06	0.01
0.000946999934968	4.36000013	1.00E-06	0.01
0.000947199936491	4.36000013	1.00E-06	0.01
0.000947399938013	4.36000013	1.00E-06	0.01
0.000947599939536	4.36000013	1.00E-06	0.01
0.000947799941059	4.36000013	1.00E-06	0.01
0.000947999942582	4.36000013	1.00E-06	0.01
0.000948199944105	4.36000013	1.00E-06	0.01
0.000948399945628	4.36000013	1.00E-06	0.01
0.000948599947151	4.36000013	1.00E-06	0.01
0.000948799948674	4.36000013	1.00E-06	0.01
0.000948999950197	4.36000013	1.00E-06	0.01
0.000949199951719	4.36000013	1.00E-06	0.01
0.000949399953242	4.36000013	1.00E-06	0.01
0.000949599954765	4.36000013	1.00E-06	0.01
0.000949799956288	4.36000013	1.00E-06	0.01
0.000949999957811	4.36000013	1.00E-06	0.01
0.000950199959334	4.36000013	1.00E-06	0.01
0.000950399960857	4.36000013	1.00E-06	0.01
0.00095059996238	4.36000013	1.00E-06	0.01
0.000950799963903	4.36000013	1.00E-06	0.01
0.000950999965426	4.36000013	1.00E-06	0.01
0.000951199966948	4.36000013	1.00E-06	0.01
0.000951399968471	4.36000013	1.00E-06	0.01
0.000951599969994	4.36000013	1.00E-06	0.01
0.000951799971517	4.36000013	1.00E-06	0.01
0.00095199997304	4.36000013	1.00E-06	0.01
0.000952199974563	4.36000013	1.00E-06	0.01
0.000952399976086	4.36000013	1.00E-06	0.01
0.000952599977609	4.36000013	1.00E-06	0.01
0.000952799979132	4.36000013	1.00E-06	0.01
0.000952999980655	4.36000013	1.00E-06	0.01
0.000953199982177	4.36000013	1.00E-06	0.01
0.0009533999837	4.36000013	1.00E-06	0.01
0.000953599985223	4.36000013	1.00E-06	0.01
0.000953799928539	4.36000013	1.00E-06	0.01
0.000953999930061	4.36000013	1.00E-06	0.01
0.000954199931584	4.36000013	1.00E-06	0.01
0.000954399933107	4.36000013	1.00E-06	0.01
0.00095459993463	4.36000013	1.00E-06	0.01
0.000954799936153	4.36000013	1.00E-06	0.01
0.000954999937676	4.36000013	1.00E-06	0.01
0.000955199939199	4.36000013	1.00E-06	0.01
0.000955399940722	4.4000001	1.00E-06	0.01
0.000955599942245	4.36000013	1.00E-06	0.01
0.000955799943767	4.36000013	1.00E-06	0.01
0.00095599994529	4.36000013	1.00E-06	0.01
0.000956199946813	4.36000013	1.00E-06	0.01
0.000956399948336	4.4000001	1.00E-06	0.01
0.000956599949859	4.36000013	1.00E-06	0.01
0.000956799951382	4.4000001	1.00E-06	0.01
0.000956999952905	4.36000013	1.00E-06	0.01
0.000957199954428	4.36000013	1.00E-06	0.01
0.000957399955951	4.4000001	1.00E-06	0.01
0.000957599957474	4.4000001	1.00E-06	0.01
0.000957799958996	4.4000001	1.00E-06	0.01
0.000957999960519	4.36000013	1.00E-06	0.01
0.000958199962042	4.4000001	1.00E-06	0.01
0.000958399963565	4.4000001	1.00E-06	0.01
0.000958599965088	4.36000013	1.00E-06	0.01
0.000958799966611	4.4000001	1.00E-06	0.01
0.000958999968134	4.4000001	1.00E-06	0.01
0.000959199969657	4.4000001	1.00E-06	0.01
0.00095939997118	4.4000001	1.00E-06	0.01
0.000959599972703	4.4000001	1.00E-06	0.01
0.000959799974225	4.4000001	1.00E-06	0.01
0.000959999975748	4.4000001	1.00E-06	0.01
0.000960199977271	4.4000001	1.00E-06	0.01
0.000960399978794	4.4000001	1.00E-06	0.01
0.000960599980317	4.4000001	1.00E-06	0.01
0.00096079998184	4.4000001	1.00E-06	0.01
0.000960999983363	4.36000013	1.00E-06	0.01
0.000961199984886	4.36000013	1.00E-06	0.01
0.000961399928201	4.36000013	1.00E-06	0.01
0.000961599929724	4.4000001	1.00E-06	0.01
0.000961799931247	4.36000013	1.00E-06	0.01
0.00096199993277	4.4000001	1.00E-06	0.01
0.000962199934293	4.4000001	1.00E-06	0.01
0.000962399935815	4.4000001	1.00E-06	0.01
0.000962599937338	4.4000001	1.00E-06	0.01
0.000962799938861	4.36000013	1.00E-06	0.01
0.000962999940384	4.36000013	1.00E-06	0.01
0.000963199941907	4.4000001	1.00E-06	0.01
0.00096339994343	4.4000001	1.00E-06	0.01
0.000963599944953	4.4000001	1.00E-06	0.01
0.000963799946476	4.36000013	1.00E-06	0.01
0.000963999947999	4.36000013	1.00E-06	0.01
0.000964199949522	4.36000013	1.00E-06	0.01
0.000964399951044	4.36000013	1.00E-06	0.01
0.000964599952567	4.4000001	1.00E-06	0.01
0.00096479995409	4.36000013	1.00E-06	0.01
0.000964999955613	4.4000001	1.00E-06	0.01
0.000965199957136	4.36000013	1.00E-06	0.01
0.000965399958659	4.36000013	1.00E-06	0.01
0.000965599960182	4.36000013	1.00E-06	0.01
0.000965799961705	4.36000013	1.00E-06	0.01
0.000965999963228	4.36000013	1.00E-06	0.01
0.000966199964751	4.36000013	1.00E-06	0.01
0.000966399966273	4.36000013	1.00E-06	0.01
0.000966599967796	4.36000013	1.00E-06	0.01
0.000966799969319	4.36000013	1.00E-06	0.01
0.000966999970842	4.36000013	1.00E-06	0.01
0.000967199972365	4.36000013	1.00E-06	0.01
0.000967399973888	4.36000013	1.00E-06	0.01
0.000967599975411	4.36000013	1.00E-06	0.01
0.000967799976934	4.36000013	1.00E-06	0.01
0.000967999978457	4.36000013	1.00E-06	0.01
0.00096819997998	4.36000013	1.00E-06	0.01
0.000968399981502	4.36000013	1.00E-06	0.01
0.000968599983025	4.36000013	1.00E-06	0.01
0.000968799984548	4.36000013	1.00E-06	0.01
0.000968999986071	4.36000013	1.00E-06	0.01
0.000969199929386	4.36000013	1.00E-06	0.01
0.000969399930909	4.36000013	1.00E-06	0.01
0.000969599932432	4.36000013	1.00E-06	0.01
0.000969799933955	4.36000013	1.00E-06	0.01
0.000969999935478	4.36000013	1.00E-06	0.01
0.000970199937001	4.36000013	1.00E-06	0.01
0.000970399938524	4.36000013	1.00E-06	0.01
0.000970599940047	4.36000013	1.00E-06	0.01
0.00097079994157	4.36000013	1.00E-06	0.01
0.000970999943092	4.36000013	1.00E-06	0.01
0.000971199944615	4.36000013	1.00E-06	0.01
0.000971399946138	4.36000013	1.00E-06	0.01
0.000971599947661	4.36000013	1.00E-06	0.01
0.000971799949184	4.36000013	1.00E-06	0.01
0.000971999950707	4.36000013	1.00E-06	0.01
0.00097219995223	4.36000013	1.00E-06	0.01
0.000972399953753	4.36000013	1.00E-06	0.01
0.000972599955276	4.36000013	1.00E-06	0.01
0.000972799956799	4.36000013	1.00E-06	0.01
0.000972999958321	4.36000013	1.00E-06	0.01
0.000973199959844	4.36000013	1.00E-06	0.01
0.000973399961367	4.36000013	1.00E-06	0.01
0.00097359996289	4.36000013	1.00E-06	0.01
0.000973799964413	4.36000013	1.00E-06	0.01
0.000973999965936	4.36000013	1.00E-06	0.01
0.000974199967459	4.4000001	1.00E-06	0.01
0.000974399968982	4.36000013	1.00E-06	0.01
0.000974599970505	4.36000013	1.00E-06	0.01
0.000974799972028	4.4000001	1.00E-06	0.01
0.00097499997355	4.4000001	1.00E-06	0.01
0.000975199975073	4.36000013	1.00E-06	0.01
0.000975399976596	4.36000013	1.00E-06	0.01
0.000975599978119	4.4000001	1.00E-06	0.01
0.000975799979642	4.4000001	1.00E-06	0.01
0.000975999981165	4.36000013	1.00E-06	0.01
0.000976199982688	4.4000001	1.00E-06	0.01
0.000976399984211	4.4000001	1.00E-06	0.01
0.000976599985734	4.4000001	1.00E-06	0.01
0.000976799987257	4.36000013	1.00E-06	0.01
0.000976999988779	4.4000001	1.00E-06	0.01
0.000977199990302	4.4000001	1.00E-06	0.01
0.000977399991825	4.4000001	1.00E-06	0.01
0.000977599993348	4.4000001	1.00E-06	0.01
0.000977799994871	4.4000001	1.00E-06	0.01
0.000977999996394	4.4000001	1.00E-06	0.01
0.000978199997917	4.4000001	1.00E-06	0.01
0.00097839999944	4.4000001	1.00E-06	0.01
0.000978600000963	4.4000001	1.00E-06	0.01
0.000978800002486	4.4000001	1.00E-06	0.01
0.000979000004008	4.4000001	1.00E-06	0.01
0.000979200005531	4.36000013	1.00E-06	0.01
0.000979400007054	4.4000001	1.00E-06	0.01
0.000979600008577	4.4000001	1.00E-06	0.01
0.0009798000101	4.4000001	1.00E-06	0.01
0.000980000011623	4.4000001	1.00E-06	0.01
0.000980200013146	4.4000001	1.00E-06	0.01
0.000980400014669	4.4000001	1.00E-06	0.01
0.000980599899776	4.4000001	1.00E-06	0.01
0.000980799901299	4.36000013	1.00E-06	0.01
0.000980999902822	4.36000013	1.00E-06	0.01
0.000981199904345	4.4000001	1.00E-06	0.01
0.000981399905868	4.4000001	1.00E-06	0.01
0.000981599907391	4.36000013	1.00E-06	0.01
0.000981799908914	4.36000013	1.00E-06	0.01
0.000981999910437	4.4000001	1.00E-06	0.01
0.000982199911959	4.36000013	1.00E-06	0.01
0.000982399913482	4.36000013	1.00E-06	0.01
0.000982599915005	4.36000013	1.00E-06	0.01
0.000982799916528	4.4000001	1.00E-06	0.01
0.000982999918051	4.4000001	1.00E-06	0.01
0.000983199919574	4.36000013	1.00E-06	0.01
0.000983399921097	4.4000001	1.00E-06	0.01
0.00098359992262	4.4000001	1.00E-06	0.01
0.000983799924143	4.36000013	1.00E-06	0.01
0.000983999925666	4.4000001	1.00E-06	0.01
0.000984199927188	4.4000001	1.00E-06	0.01
0.000984399928711	4.36000013	1.00E-06	0.01
0.000984599930234	4.36000013	1.00E-06	0.01
0.000984799931757	4.36000013	1.00E-06	0.01
0.00098499993328	4.36000013	1.00E-06	0.01
0.000985199934803	4.36000013	1.00E-06	0.01
0.000985399936326	4.36000013	1.00E-06	0.01
0.000985599937849	4.4000001	1.00E-06	0.01
0.000985799939372	4.36000013	1.00E-06	0.01
0.000985999940895	4.36000013	1.00E-06	0.01
0.000986199942417	4.4000001	1.00E-06	0.01
0.00098639994394	4.36000013	1.00E-06	0.01
0.000986599945463	4.36000013	1.00E-06	0.01
0.000986799946986	4.36000013	1.00E-06	0.01
0.000986999948509	4.36000013	1.00E-06	0.01
0.000987199950032	4.36000013	1.00E-06	0.01
0.000987399951555	4.36000013	1.00E-06	0.01
0.000987599953078	4.36000013	1.00E-06	0.01
0.000987799954601	4.36000013	1.00E-06	0.01
0.000987999956124	4.36000013	1.00E-06	0.01
0.000988199957646	4.36000013	1.00E-06	0.01
0.000988399959169	4.36000013	1.00E-06	0.01
0.000988599960692	4.36000013	1.00E-06	0.01
0.000988799962215	4.36000013	1.00E-06	0.01
0.000988999963738	4.36000013	1.00E-06	0.01
0.000989199965261	4.36000013	1.00E-06	0.01
0.000989399966784	4.36000013	1.00E-06	0.01
0.000989599968307	4.36000013	1.00E-06	0.01
0.00098979996983	4.36000013	1.00E-06	0.01
0.000989999971353	4.36000013	1.00E-06	0.01
0.000990199972875	4.36000013	1.00E-06	0.01
0.000990399974398	4.36000013	1.00E-06	0.01
0.000990599975921	4.36000013	1.00E-06	0.01
0.000990799977444	4.36000013	1.00E-06	0.01
0.000990999978967	4.4000001	1.00E-06	0.01
0.00099119998049	4.36000013	1.00E-06	0.01
0.000991399982013	4.36000013	1.00E-06	0.01
0.000991599983536	4.4000001	1.00E-06	0.01
0.000991799985059	4.36000013	1.00E-06	0.01
0.000991999986582	4.36000013	1.00E-06	0.01
0.000992199988104	4.36000013	1.00E-06	0.01
0.000992399989627	4.36000013	1.00E-06	0.01
0.00099259999115	4.36000013	1.00E-06	0.01
0.000992799992673	4.4000001	1.00E-06	0.01
0.000992999994196	4.36000013	1.00E-06	0.01
0.000993199995719	4.4000001	1.00E-06	0.01
0.000993399997242	4.4000001	1.00E-06	0.01
0.000993599998765	4.4000001	1.00E-06	0.01
0.000993800000288	4.36000013	1.00E-06	0.01
0.00099400000181	4.4000001	1.00E-06	0.01
0.000994200003333	4.4000001	1.00E-06	0.01
0.000994400004856	4.36000013	1.00E-06	0.01
0.000994600006379	4.4000001	1.00E-06	0.01
0.000994800007902	4.4000001	1.00E-06	0.01
0.000995000009425	4.4000001	1.00E-06	0.01
0.000995200010948	4.36000013	1.00E-06	0.01
0.000995400012471	4.4000001	1.00E-06	0.01
0.000995600013994	4.4000001	1.00E-06	0.01
0.000995800015517	4.4000001	1.00E-06	0.01
0.000995999900624	4.4000001	1.00E-06	0.01
0.000996199902147	4.4000001	1.00E-06	0.01
0.00099639990367	4.4000001	1.00E-06	0.01
0.000996599905193	4.36000013	1.00E-06	0.01
0.000996799906716	4.4000001	1.00E-06	0.01
0.000996999908239	4.4000001	1.00E-06	0.01
0.000997199909762	4.4000001	1.00E-06	0.01
0.000997399911284	4.4000001	1.00E-06	0.01
0.000997599912807	4.4000001	1.00E-06	0.01
0.00099779991433	4.4000001	1.00E-06	0.01
0.000997999915853	4.4000001	1.00E-06	0.01
0.000998199917376	4.4000001	1.00E-06	0.01
0.000998399918899	4.4000001	1.00E-06	0.01
0.000998599920422	4.4000001	1.00E-06	0.01
0.000998799921945	4.4000001	1.00E-06	0.01
0.000998999923468	4.4000001	1.00E-06	0.01
0.000999199924991	4.4000001	1.00E-06	0.01
0.000999399926513	4.4000001	1.00E-06	0.01
0.000999599928036	4.4000001	1.00E-06	0.01
0.000999799929559	4.4000001	1.00E-06	0.01
0.000999999931082	4.4000001	1.00E-06	0.01
0.0010001999	4.4000001	1.00E-06	0.01
0.0010003999	4.4000001	1.00E-06	0.01
0.0010005999	4.36000013	1.00E-06	0.01
0.0010007999	4.36000013	1.00E-06	0.01
0.0010009999	4.4000001	1.00E-06	0.01
0.0010011999	4.4000001	1.00E-06	0.01
0.0010013999	4.36000013	1.00E-06	0.01
0.0010015999	4.4000001	1.00E-06	0.01
0.0010017999	4.36000013	1.00E-06	0.01
0.0010019999	4.4000001	1.00E-06	0.01
0.0010021999	4.36000013	1.00E-06	0.01
0.0010023999	4.36000013	1.00E-06	0.01
0.0010026	4.4000001	1.00E-06	0.01
0.0010028	4.36000013	1.00E-06	0.01
0.001003	4.36000013	1.00E-06	0.01
0.0010032	4.4000001	1.00E-06	0.01
0.0010034	4.36000013	1.00E-06	0.01
0.0010036	4.4000001	1.00E-06	0.01
0.0010038	4.36000013	1.00E-06	0.01
0.001004	4.36000013	1.00E-06	0.01
0.0010042	4.36000013	1.00E-06	0.01
0.0010044	4.4000001	1.00E-06	0.01
0.0010046	4.4000001	1.00E-06	0.01
0.0010048	4.36000013	1.00E-06	0.01
0.001005	4.36000013	1.00E-06	0.01
0.0010052	4.4000001	1.00E-06	0.01
0.0010054	4.4000001	1.00E-06	0.01
0.0010056	4.36000013	1.00E-06	0.01
0.0010058	4.36000013	1.00E-06	0.01
0.001006	4.36000013	1.00E-06	0.01
0.0010062	4.36000013	1.00E-06	0.01
0.0010064	4.36000013	1.00E-06	0.01
0.0010066	4.36000013	1.00E-06	0.01
0.0010068	4.36000013	1.00E-06	0.01
0.001007	4.36000013	1.00E-06	0.01
0.0010072	4.36000013	1.00E-06	0.01
0.0010074	4.36000013	1.00E-06	0.01
0.0010076	4.36000013	1.00E-06	0.01
0.0010078	4.36000013	1.00E-06	0.01
0.001008	4.36000013	1.00E-06	0.01
0.0010082	4.36000013	1.00E-06	0.01
0.0010084	4.36000013	1.00E-06	0.01
0.0010086	4.36000013	1.00E-06	0.01
0.0010088	4.36000013	1.00E-06	0.01
0.001009	4.36000013	1.00E-06	0.01
0.0010092	4.36000013	1.00E-06	0.01
0.0010094	4.36000013	1.00E-06	0.01
0.0010096	4.36000013	1.00E-06	0.01
0.0010098	4.36000013	1.00E-06	0.01
0.00101	4.36000013	1.00E-06	0.01
0.0010102	4.36000013	1.00E-06	0.01
0.0010104	4.36000013	1.00E-06	0.01
0.0010106	4.36000013	1.00E-06	0.01
0.0010108	4.36000013	1.00E-06	0.01
0.001011	4.36000013	1.00E-06	0.01
0.0010111999	4.36000013	1.00E-06	0.01
0.0010113999	4.4000001	1.00E-06	0.01
0.0010115999	4.36000013	1.00E-06	0.01
0.0010117999	4.36000013	1.00E-06	0.01
0.0010119999	4.36000013	1.00E-06	0.01
0.0010121999	4.36000013	1.00E-06	0.01
0.0010123999	4.4000001	1.00E-06	0.01
0.0010125999	4.36000013	1.00E-06	0.01
0.0010127999	4.4000001	1.00E-06	0.01
0.0010129999	4.4000001	1.00E-06	0.01
0.0010131999	4.36000013	1.00E-06	0.01
0.0010133999	4.4000001	1.00E-06	0.01
0.0010135999	4.36000013	1.00E-06	0.01
0.0010137999	4.4000001	1.00E-06	0.01
0.0010139999	4.36000013	1.00E-06	0.01
0.0010141999	4.36000013	1.00E-06	0.01
0.0010143999	4.36000013	1.00E-06	0.01
0.0010145999	4.4000001	1.00E-06	0.01
0.0010147999	4.4000001	1.00E-06	0.01
0.0010149999	4.4000001	1.00E-06	0.01
0.0010151999	4.4000001	1.00E-06	0.01
0.0010153999	4.4000001	1.00E-06	0.01
0.0010155999	4.4000001	1.00E-06	0.01
0.0010157999	4.36000013	1.00E-06	0.01
0.0010159999	4.4000001	1.00E-06	0.01
0.0010161999	4.4000001	1.00E-06	0.01
0.0010163999	4.4000001	1.00E-06	0.01
0.0010165999	4.36000013	1.00E-06	0.01
0.0010167999	4.4000001	1.00E-06	0.01
0.0010169999	4.4000001	1.00E-06	0.01
0.0010171999	4.4000001	1.00E-06	0.01
0.0010173999	4.4000001	1.00E-06	0.01
0.0010175999	4.4000001	1.00E-06	0.01
0.0010178	4.4000001	1.00E-06	0.01
0.001018	4.4000001	1.00E-06	0.01
0.0010182	4.36000013	1.00E-06	0.01
0.0010184	4.4000001	1.00E-06	0.01
0.0010186	4.4000001	1.00E-06	0.01
0.0010188	4.4000001	1.00E-06	0.01
0.001019	4.4000001	1.00E-06	0.01
0.0010192	4.4000001	1.00E-06	0.01
0.0010194	4.4000001	1.00E-06	0.01
0.0010196	4.4000001	1.00E-06	0.01
0.0010198	4.36000013	1.00E-06	0.01
0.00102	4.4000001	1.00E-06	0.01
0.0010202	4.36000013	1.00E-06	0.01
0.0010204	4.36000013	1.00E-06	0.01
0.0010206	4.36000013	1.00E-06	0.01
0.0010208	4.36000013	1.00E-06	0.01
0.001021	4.36000013	1.00E-06	0.01
0.0010212	4.36000013	1.00E-06	0.01
0.0010214	4.36000013	1.00E-06	0.01
0.0010216	4.36000013	1.00E-06	0.01
0.0010218	4.36000013	1.00E-06	0.01
0.001022	4.4000001	1.00E-06	0.01
0.0010222	4.36000013	1.00E-06	0.01
0.0010224	4.36000013	1.00E-06	0.01
0.0010226	4.36000013	1.00E-06	0.01
0.0010228	4.36000013	1.00E-06	0.01
0.001023	4.36000013	1.00E-06	0.01
0.0010232	4.36000013	1.00E-06	0.01
0.0010234	4.36000013	1.00E-06	0.01
0.0010236	4.36000013	1.00E-06	0.01
0.0010238	4.36000013	1.00E-06	0.01
0.001024	4.36000013	1.00E-06	0.01
0.0010242	4.36000013	1.00E-06	0.01
0.0010244	4.36000013	1.00E-06	0.01
0.0010246	4.36000013	1.00E-06	0.01
0.0010248	4.36000013	1.00E-06	0.01
0.001025	4.36000013	1.00E-06	0.01
0.0010252	4.36000013	1.00E-06	0.01
0.0010254	4.36000013	1.00E-06	0.01
0.0010256	4.36000013	1.00E-06	0.01
0.0010258	4.36000013	1.00E-06	0.01
0.001026	4.36000013	1.00E-06	0.01
0.0010262	4.36000013	1.00E-06	0.01
0.0010264	4.36000013	1.00E-06	0.01
0.0010265999	4.36000013	1.00E-06	0.01
0.0010267999	4.36000013	1.00E-06	0.01
0.0010269999	4.36000013	1.00E-06	0.01
0.0010271999	4.36000013	1.00E-06	0.01
0.0010273999	4.36000013	1.00E-06	0.01
0.0010275999	4.36000013	1.00E-06	0.01
0.0010277999	4.36000013	1.00E-06	0.01
0.0010279999	4.36000013	1.00E-06	0.01
0.0010281999	4.36000013	1.00E-06	0.01
0.0010283999	4.36000013	1.00E-06	0.01
0.0010285999	4.36000013	1.00E-06	0.01
0.0010287999	4.36000013	1.00E-06	0.01
0.0010289999	4.36000013	1.00E-06	0.01
0.0010291999	4.36000013	1.00E-06	0.01
0.0010293999	4.36000013	1.00E-06	0.01
0.0010295999	4.36000013	1.00E-06	0.01
0.0010297999	4.36000013	1.00E-06	0.01
0.0010299999	4.36000013	1.00E-06	0.01
0.0010301999	4.36000013	1.00E-06	0.01
0.0010303999	4.36000013	1.00E-06	0.01
0.0010305999	4.36000013	1.00E-06	0.01
0.0010307999	4.36000013	1.00E-06	0.01
0.0010309999	4.36000013	1.00E-06	0.01
0.0010311999	4.36000013	1.00E-06	0.01
0.0010313999	4.36000013	1.00E-06	0.01
0.0010315999	4.36000013	1.00E-06	0.01
0.0010317999	4.36000013	1.00E-06	0.01
0.0010319999	4.36000013	1.00E-06	0.01
0.0010321999	4.4000001	1.00E-06	0.01
0.0010323999	4.36000013	1.00E-06	0.01
0.0010325999	4.36000013	1.00E-06	0.01
0.0010327999	4.36000013	1.00E-06	0.01
0.0010329999	4.36000013	1.00E-06	0.01
0.0010332	4.36000013	1.00E-06	0.01
0.0010334	4.36000013	1.00E-06	0.01
0.0010336	4.36000013	1.00E-06	0.01
0.0010338	4.36000013	1.00E-06	0.01
0.001034	4.36000013	1.00E-06	0.01
0.0010342	4.36000013	1.00E-06	0.01
0.0010344	4.4000001	1.00E-06	0.01
0.0010346	4.36000013	1.00E-06	0.01
0.0010348	4.36000013	1.00E-06	0.01
0.001035	4.36000013	1.00E-06	0.01
0.0010352	4.36000013	1.00E-06	0.01
0.0010354	4.36000013	1.00E-06	0.01
0.0010356	4.36000013	1.00E-06	0.01
0.0010358	4.36000013	1.00E-06	0.01
0.001036	4.36000013	1.00E-06	0.01
0.0010362	4.36000013	1.00E-06	0.01
0.0010364	4.36000013	1.00E-06	0.01
0.0010366	4.36000013	1.00E-06	0.01
0.0010368	4.36000013	1.00E-06	0.01
0.001037	4.36000013	1.00E-06	0.01
0.0010372	4.31999969	1.00E-06	0.01
0.0010374	4.31999969	1.00E-06	0.01
0.0010376	4.31999969	1.00E-06	0.01
0.0010378	4.31999969	1.00E-06	0.01
0.001038	4.31999969	1.00E-06	0.01
0.0010382	4.31999969	1.00E-06	0.01
0.0010384	4.27999973	1.00E-06	0.01
0.0010386	4.27999973	1.00E-06	0.01
0.0010388	4.27999973	1.00E-06	0.01
0.001039	4.27999973	1.00E-06	0.01
0.0010392	4.27999973	1.00E-06	0.01
0.0010394	4.23999977	1.00E-06	0.01
0.0010396	4.23999977	1.00E-06	0.01
0.0010398	4.23999977	1.00E-06	0.01
0.00104	4.19999981	1.00E-06	0.01
0.0010402	4.19999981	1.00E-06	0.01
0.0010404	4.15999985	1.00E-06	0.01
0.0010406	4.11999989	1.00E-06	0.01
0.0010408	4.11999989	1.00E-06	0.01
0.001041	4.07999992	1.00E-06	0.01
0.0010412	4.03999996	1.00E-06	0.01
0.0010414	4	1.00E-06	0.01
0.0010416	4	1.00E-06	0.01
0.0010417999	3.9599998	1.00E-06	0.01
0.0010419999	3.91999984	1.00E-06	0.01
0.0010421999	3.87999988	1.00E-06	0.01
0.0010423999	3.87999988	1.00E-06	0.01
0.0010425999	3.83999991	1.00E-06	0.01
0.0010427999	3.79999995	1.00E-06	0.01
0.0010429999	3.75999999	1.00E-06	0.01
0.0010431999	3.75999999	1.00E-06	0.01
0.0010433999	3.72000003	1.00E-06	0.01
0.0010435999	3.67999983	1.00E-06	0.01
0.0010437999	3.63999987	1.00E-06	0.01
0.0010439999	3.63999987	1.00E-06	0.01
0.0010441999	3.5999999	1.00E-06	0.01
0.0010443999	3.55999994	1.00E-06	0.01
0.0010445999	3.55999994	1.00E-06	0.01
0.0010447999	3.51999998	1.00E-06	0.01
0.0010449999	3.48000002	1.00E-06	0.01
0.0010451999	3.43999982	1.00E-06	0.01
0.0010453999	3.43999982	1.00E-06	0.01
0.0010455999	3.39999986	1.00E-06	0.01
0.0010457999	3.3599999	1.00E-06	0.01
0.0010459999	3.3599999	1.00E-06	0.01
0.0010461999	3.31999993	1.00E-06	0.01
0.0010463999	3.31999993	1.00E-06	0.01
0.0010465999	3.27999997	1.00E-06	0.01
0.0010467999	3.24000001	1.00E-06	0.01
0.0010469999	3.24000001	1.00E-06	0.01
0.0010471999	3.19999981	1.00E-06	0.01
0.0010473999	3.19999981	1.00E-06	0.01
0.0010475999	3.15999985	1.00E-06	0.01
0.0010477999	3.11999989	1.00E-06	0.01
0.0010479999	3.11999989	1.00E-06	0.01
0.0010481999	3.07999992	1.00E-06	0.01
0.0010484	3.07999992	1.00E-06	0.01
0.0010486	3.03999996	1.00E-06	0.01
0.0010488	3.03999996	1.00E-06	0.01
0.001049	3	1.00E-06	0.01
0.0010492	3	1.00E-06	0.01
0.0010494	2.96000004	1.00E-06	0.01
0.0010496	2.96000004	1.00E-06	0.01
0.0010498	2.91999984	1.00E-06	0.01
0.00105	2.91999984	1.00E-06	0.01
0.0010502	2.87999988	1.00E-06	0.01
0.0010504	2.87999988	1.00E-06	0.01
0.0010506	2.87999988	1.00E-06	0.01
0.0010508	2.83999991	1.00E-06	0.01
0.001051	2.83999991	1.00E-06	0.01
0.0010512	2.79999995	1.00E-06	0.01
0.0010514	2.79999995	1.00E-06	0.01
0.0010516	2.75999999	1.00E-06	0.01
0.0010518	2.75999999	1.00E-06	0.01
0.001052	2.72000003	1.00E-06	0.01
0.0010522	2.72000003	1.00E-06	0.01
0.0010524	2.72000003	1.00E-06	0.01
0.0010526	2.6799998	1.00E-06	0.01
0.0010528	2.6799998	1.00E-06	0.01
0.001053	2.6799998	1.00E-06	0.01
0.0010532	2.6399999	1.00E-06	0.01
0.0010534	2.6399999	1.00E-06	0.01
0.0010536	2.5999999	1.00E-06	0.01
0.0010538	2.5999999	1.00E-06	0.01
0.001054	2.5999999	1.00E-06	0.01
0.0010542	2.5599999	1.00E-06	0.01
0.0010544	2.5599999	1.00E-06	0.01
0.0010546	2.5599999	1.00E-06	0.01
0.0010548	2.52	1.00E-06	0.01
0.001055	2.52	1.00E-06	0.01
0.0010552	2.52	1.00E-06	0.01
0.0010554	2.48	1.00E-06	0.01
0.0010556	2.48	1.00E-06	0.01
0.0010558	2.48	1.00E-06	0.01
0.001056	2.4400001	1.00E-06	0.01
0.0010562	2.4400001	1.00E-06	0.01
0.0010564	2.4400001	1.00E-06	0.01
0.0010566	2.3999999	1.00E-06	0.01
0.0010568	2.3999999	1.00E-06	0.01
0.001057	2.3999999	1.00E-06	0.01
0.0010571999	2.3599999	1.00E-06	0.01
0.0010573999	2.3599999	1.00E-06	0.01
0.0010575999	2.3599999	1.00E-06	0.01
0.0010577999	2.3199999	1.00E-06	0.01
0.0010579999	2.3199999	1.00E-06	0.01
0.0010581999	2.3199999	1.00E-06	0.01
0.0010583999	2.3199999	1.00E-06	0.01
0.0010585999	2.3199999	1.00E-06	0.01
0.0010587999	2.28	1.00E-06	0.01
0.0010589999	2.28	1.00E-06	0.01
0.0010591999	2.28	1.00E-06	0.01
0.0010593999	2.24	1.00E-06	0.01
0.0010595999	2.24	1.00E-06	0.01
0.0010597999	2.24	1.00E-06	0.01
0.0010599999	2.24	1.00E-06	0.01
0.0010601999	2.2	1.00E-06	0.01
0.0010603999	2.2	1.00E-06	0.01
0.0010605999	2.2	1.00E-06	0.01
0.0010607999	2.2	1.00E-06	0.01
0.0010609999	2.1599998	1.00E-06	0.01
0.0010611999	2.1599998	1.00E-06	0.01
0.0010613999	2.1599998	1.00E-06	0.01
0.0010615999	2.1599998	1.00E-06	0.01
0.0010617999	2.1199999	1.00E-06	0.01
0.0010619999	2.1199999	1.00E-06	0.01
0.0010621999	2.1199999	1.00E-06	0.01
0.0010623999	2.1199999	1.00E-06	0.01
0.0010625999	2.1199999	1.00E-06	0.01
0.0010627999	2.0799999	1.00E-06	0.01
0.0010629999	2.0799999	1.00E-06	0.01
0.0010631999	2.0799999	1.00E-06	0.01
0.0010633999	2.0799999	1.00E-06	0.01
0.0010635999	2.0799999	1.00E-06	0.01
0.0010638	2.04	1.00E-06	0.01
0.001064	2.04	1.00E-06	0.01
0.0010642	2.04	1.00E-06	0.01
0.0010644	2.04	1.00E-06	0.01
0.0010646	2.04	1.00E-06	0.01
0.0010648	2.04	1.00E-06	0.01
0.001065	2	1.00E-06	0.01
0.0010652	2	1.00E-06	0.01
0.0010654	2	1.00E-06	0.01
0.0010656	2	1.00E-06	0.01
0.0010658	2	1.00E-06	0.01
0.001066	1.9599999	1.00E-06	0.01
0.0010662	1.9599999	1.00E-06	0.01
0.0010664	1.9599999	1.00E-06	0.01
0.0010666	1.9599999	1.00E-06	0.01
0.0010668	1.9599999	1.00E-06	0.01
0.001067	1.9599999	1.00E-06	0.01
0.0010672	1.92	1.00E-06	0.01
0.0010674	1.92	1.00E-06	0.01
0.0010676	1.92	1.00E-06	0.01
0.0010678	1.92	1.00E-06	0.01
0.001068	1.92	1.00E-06	0.01
0.0010682	1.92	1.00E-06	0.01
0.0010684	1.88	1.00E-06	0.01
0.0010686	1.88	1.00E-06	0.01
0.0010688	1.88	1.00E-06	0.01
0.001069	1.88	1.00E-06	0.01
0.0010692	1.88	1.00E-06	0.01
0.0010694	1.88	1.00E-06	0.01
0.0010696	1.88	1.00E-06	0.01
0.0010698	1.8399999	1.00E-06	0.01
0.00107	1.8399999	1.00E-06	0.01
0.0010702	1.8399999	1.00E-06	0.01
0.0010704	1.8399999	1.00E-06	0.01
0.0010706	1.8399999	1.00E-06	0.01
0.0010708	1.8399999	1.00E-06	0.01
0.001071	1.8399999	1.00E-06	0.01
0.0010712	1.8399999	1.00E-06	0.01
0.0010714	1.8	1.00E-06	0.01
0.0010716	1.8	1.00E-06	0.01
0.0010718	1.8	1.00E-06	0.01
0.001072	1.8	1.00E-06	0.01
0.0010722	1.8	1.00E-06	0.01
0.0010723999	1.8	1.00E-06	0.01
0.0010725999	1.8	1.00E-06	0.01
0.0010727999	1.76	1.00E-06	0.01
0.0010729999	1.76	1.00E-06	0.01
0.0010731999	1.76	1.00E-06	0.01
0.0010733999	1.76	1.00E-06	0.01
0.0010735999	1.76	1.00E-06	0.01
0.0010737999	1.76	1.00E-06	0.01
0.0010739999	1.76	1.00E-06	0.01
0.0010741999	1.76	1.00E-06	0.01
0.0010743999	1.7199999	1.00E-06	0.01
0.0010745999	1.7199999	1.00E-06	0.01
0.0010747999	1.7199999	1.00E-06	0.01
0.0010749999	1.7199999	1.00E-06	0.01
0.0010751999	1.7199999	1.00E-06	0.01
0.0010753999	1.7199999	1.00E-06	0.01
0.0010755999	1.7199999	1.00E-06	0.01
0.0010757999	1.6799999	1.00E-06	0.01
0.0010759999	1.6799999	1.00E-06	0.01
0.0010761999	1.6799999	1.00E-06	0.01
0.0010763999	1.6799999	1.00E-06	0.01
0.0010765999	1.6799999	1.00E-06	0.01
0.0010767999	1.6799999	1.00E-06	0.01
0.0010769999	1.6799999	1.00E-06	0.01
0.0010771999	1.6799999	1.00E-06	0.01
0.0010773999	1.6799999	1.00E-06	0.01
0.0010775999	1.64	1.00E-06	0.01
0.0010777999	1.64	1.00E-06	0.01
0.0010779999	1.64	1.00E-06	0.01
0.0010781999	1.64	1.00E-06	0.01
0.0010783999	1.64	1.00E-06	0.01
0.0010785999	1.64	1.00E-06	0.01
0.0010787999	1.64	1.00E-06	0.01
0.001079	1.64	1.00E-06	0.01
0.0010792	1.64	1.00E-06	0.01
0.0010794	1.5999999	1.00E-06	0.01
0.0010796	1.5999999	1.00E-06	0.01
0.0010798	1.5999999	1.00E-06	0.01
0.00108	1.5999999	1.00E-06	0.01
0.0010802	1.5999999	1.00E-06	0.01
0.0010804	1.5999999	1.00E-06	0.01
0.0010806	1.5999999	1.00E-06	0.01
0.0010808	1.5999999	1.00E-06	0.01
0.001081	1.5999999	1.00E-06	0.01
0.0010812	1.5599999	1.00E-06	0.01
0.0010814	1.5599999	1.00E-06	0.01
0.0010816	1.5599999	1.00E-06	0.01
0.0010818	1.5599999	1.00E-06	0.01
0.001082	1.5599999	1.00E-06	0.01
0.0010822	1.5599999	1.00E-06	0.01
0.0010824	1.5599999	1.00E-06	0.01
0.0010826	1.5599999	1.00E-06	0.01
0.0010828	1.5599999	1.00E-06	0.01
0.001083	1.52	1.00E-06	0.01
0.0010832	1.52	1.00E-06	0.01
0.0010834	1.52	1.00E-06	0.01
0.0010836	1.52	1.00E-06	0.01
0.0010838	1.52	1.00E-06	0.01
0.001084	1.52	1.00E-06	0.01
0.0010842	1.52	1.00E-06	0.01
0.0010844	1.52	1.00E-06	0.01
0.0010846	1.52	1.00E-06	0.01
0.0010848	1.52	1.00E-06	0.01
0.001085	1.52	1.00E-06	0.01
0.0010852	1.48	1.00E-06	0.01
0.0010854	1.48	1.00E-06	0.01
0.0010856	1.48	1.00E-06	0.01
0.0010858	1.48	1.00E-06	0.01
0.001086	1.48	1.00E-06	0.01
0.0010862	1.48	1.00E-06	0.01
0.0010864	1.48	1.00E-06	0.01
0.0010866	1.48	1.00E-06	0.01
0.0010868	1.48	1.00E-06	0.01
0.001087	1.48	1.00E-06	0.01
0.0010872	1.48	1.00E-06	0.01
0.0010874	1.48	1.00E-06	0.01
0.0010876	1.48	1.00E-06	0.01
0.0010877999	1.4399999	1.00E-06	0.01
0.0010879999	1.4399999	1.00E-06	0.01
0.0010881999	1.4399999	1.00E-06	0.01
0.0010883999	1.4399999	1.00E-06	0.01
0.0010885999	1.4399999	1.00E-06	0.01
0.0010887999	1.4399999	1.00E-06	0.01
0.0010889999	1.4399999	1.00E-06	0.01
0.0010891999	1.4399999	1.00E-06	0.01
0.0010893999	1.4399999	1.00E-06	0.01
0.0010895999	1.4399999	1.00E-06	0.01
0.0010897999	1.4399999	1.00E-06	0.01
0.0010899999	1.4399999	1.00E-06	0.01
0.0010901999	1.4399999	1.00E-06	0.01
0.0010903999	1.4399999	1.00E-06	0.01
0.0010905999	1.4399999	1.00E-06	0.01
0.0010907999	1.4399999	1.00E-06	0.01
0.0010909999	1.4399999	1.00E-06	0.01
0.0010911999	1.4	1.00E-06	0.01
0.0010913999	1.4	1.00E-06	0.01
0.0010915999	1.4	1.00E-06	0.01
0.0010917999	1.4	1.00E-06	0.01
0.0010919999	1.4	1.00E-06	0.01
0.0010921999	1.4	1.00E-06	0.01
0.0010923999	1.4	1.00E-06	0.01
0.0010925999	1.4	1.00E-06	0.01
0.0010927999	1.4	1.00E-06	0.01
0.0010929999	1.4	1.00E-06	0.01
0.0010931999	1.4	1.00E-06	0.01
0.0010933999	1.4	1.00E-06	0.01
0.0010935999	1.4	1.00E-06	0.01
0.0010937999	1.4	1.00E-06	0.01
0.0010939999	1.4	1.00E-06	0.01
0.0010941999	1.36	1.00E-06	0.01
0.0010944	1.4	1.00E-06	0.01
0.0010946	1.36	1.00E-06	0.01
0.0010948	1.36	1.00E-06	0.01
0.001095	1.36	1.00E-06	0.01
0.0010952	1.36	1.00E-06	0.01
0.0010954	1.36	1.00E-06	0.01
0.0010956	1.36	1.00E-06	0.01
0.0010958	1.36	1.00E-06	0.01
0.001096	1.36	1.00E-06	0.01
0.0010962	1.36	1.00E-06	0.01
0.0010964	1.36	1.00E-06	0.01
0.0010966	1.36	1.00E-06	0.01
0.0010968	1.36	1.00E-06	0.01
0.001097	1.36	1.00E-06	0.01
0.0010972	1.36	1.00E-06	0.01
0.0010974	1.36	1.00E-06	0.01
0.0010976	1.36	1.00E-06	0.01
0.0010978	1.36	1.00E-06	0.01
0.001098	1.36	1.00E-06	0.01
0.0010982	1.36	1.00E-06	0.01
0.0010984	1.36	1.00E-06	0.01
0.0010986	1.36	1.00E-06	0.01
0.0010988	1.3199999	1.00E-06	0.01
0.001099	1.36	1.00E-06	0.01
0.0010992	1.3199999	1.00E-06	0.01
0.0010994	1.3199999	1.00E-06	0.01
0.0010996	1.3199999	1.00E-06	0.01
0.0010998	1.3199999	1.00E-06	0.01
0.0011	1.3199999	1.00E-06	0.01
0.0011002	1.3199999	1.00E-06	0.01
0.0011004	1.3199999	1.00E-06	0.01
0.0011006	1.3199999	1.00E-06	0.01
0.0011008	1.3199999	1.00E-06	0.01
0.001101	1.3199999	1.00E-06	0.01
0.0011012	1.3199999	1.00E-06	0.01
0.0011014	1.3199999	1.00E-06	0.01
0.0011016	1.3199999	1.00E-06	0.01
0.0011018	1.3199999	1.00E-06	0.01
0.001102	1.3199999	1.00E-06	0.01
0.0011022	1.3199999	1.00E-06	0.01
0.0011024	1.3199999	1.00E-06	0.01
0.0011026	1.3199999	1.00E-06	0.01
0.0011028	1.3199999	1.00E-06	0.01
0.0011029999	1.3199999	1.00E-06	0.01
0.0011031999	1.3199999	1.00E-06	0.01
0.0011033999	1.3199999	1.00E-06	0.01
0.0011035999	1.3199999	1.00E-06	0.01
0.0011037999	1.3199999	1.00E-06	0.01
0.0011039999	1.3199999	1.00E-06	0.01
0.0011041999	1.3199999	1.00E-06	0.01
0.0011043999	1.3199999	1.00E-06	0.01
0.0011045999	1.3199999	1.00E-06	0.01
0.0011047999	1.3199999	1.00E-06	0.01
0.0011049999	1.3199999	1.00E-06	0.01
0.0011051999	1.3199999	1.00E-06	0.01
0.0011053999	1.3199999	1.00E-06	0.01
0.0011055999	1.3199999	1.00E-06	0.01
0.0011057999	1.3199999	1.00E-06	0.01
0.0011059999	1.3199999	1.00E-06	0.01
0.0011061999	1.3199999	1.00E-06	0.01
0.0011063999	1.3199999	1.00E-06	0.01
0.0011065999	1.3199999	1.00E-06	0.01
0.0011067999	1.3199999	1.00E-06	0.01
0.0011069999	1.3199999	1.00E-06	0.01
0.0011071999	1.3199999	1.00E-06	0.01
0.0011073999	1.3199999	1.00E-06	0.01
0.0011075999	1.3199999	1.00E-06	0.01
0.0011077999	1.3199999	1.00E-06	0.01
0.0011079999	1.3199999	1.00E-06	0.01
0.0011081999	1.3199999	1.00E-06	0.01
0.0011083999	1.3199999	1.00E-06	0.01
0.0011085999	1.3199999	1.00E-06	0.01
0.0011087999	1.3199999	1.00E-06	0.01
0.0011089999	1.3199999	1.00E-06	0.01
0.0011091999	1.3199999	1.00E-06	0.01
0.0011093999	1.3199999	1.00E-06	0.01
0.0011096	1.3199999	1.00E-06	0.01
0.0011098	1.3199999	1.00E-06	0.01
0.00111	1.3199999	1.00E-06	0.01
0.0011102	1.3199999	1.00E-06	0.01
0.0011104	1.3199999	1.00E-06	0.01
0.0011106	1.3199999	1.00E-06	0.01
0.0011108	1.3199999	1.00E-06	0.01
0.001111	1.3199999	1.00E-06	0.01
0.0011112	1.3199999	1.00E-06	0.01
0.0011114	1.3199999	1.00E-06	0.01
0.0011116	1.3199999	1.00E-06	0.01
0.0011118	1.3199999	1.00E-06	0.01
0.001112	1.3199999	1.00E-06	0.01
0.0011122	1.3199999	1.00E-06	0.01
0.0011124	1.3199999	1.00E-06	0.01
0.0011126	1.3199999	1.00E-06	0.01
0.0011128	1.3199999	1.00E-06	0.01
0.001113	1.3199999	1.00E-06	0.01
0.0011132	1.3199999	1.00E-06	0.01
0.0011134	1.3199999	1.00E-06	0.01
0.0011136	1.3199999	1.00E-06	0.01
0.0011138	1.3199999	1.00E-06	0.01
0.001114	1.3199999	1.00E-06	0.01
0.0011142	1.3199999	1.00E-06	0.01
0.0011144	1.3199999	1.00E-06	0.01
0.0011146	1.3199999	1.00E-06	0.01
0.0011148	1.3199999	1.00E-06	0.01
0.001115	1.3199999	1.00E-06	0.01
0.0011152	1.3199999	1.00E-06	0.01
0.0011154	1.3199999	1.00E-06	0.01
0.0011156	1.3199999	1.00E-06	0.01
0.0011158	1.3199999	1.00E-06	0.01
0.001116	1.3199999	1.00E-06	0.01
0.0011162	1.3199999	1.00E-06	0.01
0.0011164	1.3199999	1.00E-06	0.01
0.0011166	1.3199999	1.00E-06	0.01
0.0011168	1.3199999	1.00E-06	0.01
0.001117	1.3199999	1.00E-06	0.01
0.0011172	1.3199999	1.00E-06	0.01
0.0011174	1.3199999	1.00E-06	0.01
0.0011176	1.3199999	1.00E-06	0.01
0.0011178	1.3199999	1.00E-06	0.01
0.001118	1.3199999	1.00E-06	0.01
0.0011182	1.3199999	1.00E-06	0.01
0.0011183999	1.3199999	1.00E-06	0.01
0.0011185999	1.3199999	1.00E-06	0.01
0.0011187999	1.3199999	1.00E-06	0.01
0.0011189999	1.3199999	1.00E-06	0.01
0.0011191999	1.3199999	1.00E-06	0.01
0.0011193999	1.3199999	1.00E-06	0.01
0.0011195999	1.3199999	1.00E-06	0.01
0.0011197999	1.3199999	1.00E-06	0.01
0.0011199999	1.3199999	1.00E-06	0.01
0.0011201999	1.3199999	1.00E-06	0.01
0.0011203999	1.3199999	1.00E-06	0.01
0.0011205999	1.3199999	1.00E-06	0.01
0.0011207999	1.3199999	1.00E-06	0.01
0.0011209999	1.3199999	1.00E-06	0.01
0.0011211999	1.3199999	1.00E-06	0.01
0.0011213999	1.3199999	1.00E-06	0.01
0.0011215999	1.3199999	1.00E-06	0.01
0.0011217999	1.3199999	1.00E-06	0.01
0.0011219999	1.3199999	1.00E-06	0.01
0.0011221999	1.3199999	1.00E-06	0.01
0.0011223999	1.3199999	1.00E-06	0.01
0.0011225999	1.3199999	1.00E-06	0.01
0.0011227999	1.3199999	1.00E-06	0.01
0.0011229999	1.3199999	1.00E-06	0.01
0.0011231999	1.3199999	1.00E-06	0.01
0.0011233999	1.3199999	1.00E-06	0.01
0.0011235999	1.3199999	1.00E-06	0.01
0.0011237999	1.3199999	1.00E-06	0.01
0.0011239999	1.3199999	1.00E-06	0.01
0.0011241999	1.3199999	1.00E-06	0.01
0.0011243999	1.3199999	1.00E-06	0.01
0.0011245999	1.3199999	1.00E-06	0.01
0.0011248	1.3199999	1.00E-06	0.01
0.001125	1.3199999	1.00E-06	0.01
0.0011252	1.3199999	1.00E-06	0.01
0.0011254	1.3199999	1.00E-06	0.01
0.0011256	1.3199999	1.00E-06	0.01
0.0011258	1.3199999	1.00E-06	0.01
0.001126	1.3199999	1.00E-06	0.01
0.0011262	1.3199999	1.00E-06	0.01
0.0011264	1.3199999	1.00E-06	0.01
0.0011266	1.3199999	1.00E-06	0.01
0.0011268	1.3199999	1.00E-06	0.01
0.001127	1.3199999	1.00E-06	0.01
0.0011272	1.3199999	1.00E-06	0.01
0.0011274	1.3199999	1.00E-06	0.01
0.0011276	1.3199999	1.00E-06	0.01
0.0011278	1.3199999	1.00E-06	0.01
0.001128	1.3199999	1.00E-06	0.01
0.0011282	1.3199999	1.00E-06	0.01
0.0011284	1.3199999	1.00E-06	0.01
0.0011286	1.3199999	1.00E-06	0.01
0.0011288	1.3199999	1.00E-06	0.01
0.001129	1.3199999	1.00E-06	0.01
0.0011292	1.3199999	1.00E-06	0.01
0.0011294	1.3199999	1.00E-06	0.01
0.0011296	1.3199999	1.00E-06	0.01
0.0011298	1.3199999	1.00E-06	0.01
0.00113	1.3199999	1.00E-06	0.01
0.0011302	1.3199999	1.00E-06	0.01
0.0011304	1.3199999	1.00E-06	0.01
0.0011306	1.3199999	1.00E-06	0.01
0.0011308	1.3199999	1.00E-06	0.01
0.001131	1.3199999	1.00E-06	0.01
0.0011312	1.3199999	1.00E-06	0.01
0.0011314	1.3199999	1.00E-06	0.01
0.0011316	1.3199999	1.00E-06	0.01
0.0011318	1.3199999	1.00E-06	0.01
0.001132	1.3199999	1.00E-06	0.01
0.0011322	1.3199999	1.00E-06	0.01
0.0011324	1.3199999	1.00E-06	0.01
0.0011326	1.3199999	1.00E-06	0.01
0.0011328	1.3199999	1.00E-06	0.01
0.001133	1.3199999	1.00E-06	0.01
0.0011332	1.3199999	1.00E-06	0.01
0.0011334	1.3199999	1.00E-06	0.01
0.0011336	1.3199999	1.00E-06	0.01
0.0011337999	1.3199999	1.00E-06	0.01
0.0011339999	1.3199999	1.00E-06	0.01
0.0011341999	1.3199999	1.00E-06	0.01
0.0011343999	1.3199999	1.00E-06	0.01
0.0011345999	1.3199999	1.00E-06	0.01
0.0011347999	1.3199999	1.00E-06	0.01
0.0011349999	1.3199999	1.00E-06	0.01
0.0011351999	1.3199999	1.00E-06	0.01
0.0011353999	1.3199999	1.00E-06	0.01
0.0011355999	1.3199999	1.00E-06	0.01
0.0011357999	1.3199999	1.00E-06	0.01
0.0011359999	1.3199999	1.00E-06	0.01
0.0011361999	1.3199999	1.00E-06	0.01
0.0011363999	1.3199999	1.00E-06	0.01
0.0011365999	1.3199999	1.00E-06	0.01
0.0011367999	1.3199999	1.00E-06	0.01
0.0011369999	1.28	1.00E-06	0.01
0.0011371999	1.28	1.00E-06	0.01
0.0011373999	1.3199999	1.00E-06	0.01
0.0011375999	1.3199999	1.00E-06	0.01
0.0011377999	1.28	1.00E-06	0.01
0.0011379999	1.28	1.00E-06	0.01
0.0011381999	1.28	1.00E-06	0.01
0.0011383999	1.28	1.00E-06	0.01
0.0011385999	1.28	1.00E-06	0.01
0.0011387999	1.28	1.00E-06	0.01
0.0011389999	1.28	1.00E-06	0.01
0.0011391999	1.28	1.00E-06	0.01
0.0011393999	1.28	1.00E-06	0.01
0.0011395999	1.28	1.00E-06	0.01
0.0011397999	1.28	1.00E-06	0.01
0.0011399999	1.28	1.00E-06	0.01
0.0011402	1.28	1.00E-06	0.01
0.0011404	1.28	1.00E-06	0.01
0.0011406	1.28	1.00E-06	0.01
0.0011408	1.28	1.00E-06	0.01
0.001141	1.28	1.00E-06	0.01
0.0011412	1.28	1.00E-06	0.01
0.0011414	1.28	1.00E-06	0.01
0.0011416	1.28	1.00E-06	0.01
0.0011418	1.28	1.00E-06	0.01
0.001142	1.28	1.00E-06	0.01
0.0011422	1.28	1.00E-06	0.01
0.0011424	1.28	1.00E-06	0.01
0.0011426	1.28	1.00E-06	0.01
0.0011428	1.28	1.00E-06	0.01
0.001143	1.28	1.00E-06	0.01
0.0011432	1.28	1.00E-06	0.01
0.0011434	1.28	1.00E-06	0.01
0.0011436	1.28	1.00E-06	0.01
0.0011438	1.28	1.00E-06	0.01
0.001144	1.28	1.00E-06	0.01
0.0011442	1.28	1.00E-06	0.01
0.0011444	1.28	1.00E-06	0.01
0.0011446	1.28	1.00E-06	0.01
0.0011448	1.28	1.00E-06	0.01
0.001145	1.28	1.00E-06	0.01
0.0011452	1.28	1.00E-06	0.01
0.0011454	1.28	1.00E-06	0.01
0.0011456	1.28	1.00E-06	0.01
0.0011458	1.28	1.00E-06	0.01
0.001146	1.28	1.00E-06	0.01
0.0011462	1.28	1.00E-06	0.01
0.0011464	1.28	1.00E-06	0.01
0.0011466	1.28	1.00E-06	0.01
0.0011468	1.28	1.00E-06	0.01
0.001147	1.28	1.00E-06	0.01
0.0011472	1.28	1.00E-06	0.01
0.0011474	1.28	1.00E-06	0.01
0.0011476	1.28	1.00E-06	0.01
0.0011478	1.28	1.00E-06	0.01
0.001148	1.28	1.00E-06	0.01
0.0011482	1.28	1.00E-06	0.01
0.0011484	1.28	1.00E-06	0.01
0.0011486	1.28	1.00E-06	0.01
0.0011488	1.28	1.00E-06	0.01
0.0011489999	1.28	1.00E-06	0.01
0.0011491999	1.28	1.00E-06	0.01
0.0011493999	1.28	1.00E-06	0.01
0.0011495999	1.28	1.00E-06	0.01
0.0011497999	1.28	1.00E-06	0.01
0.0011499999	1.28	1.00E-06	0.01
0.0011501999	1.28	1.00E-06	0.01
0.0011503999	1.28	1.00E-06	0.01
0.0011505999	1.28	1.00E-06	0.01
0.0011507999	1.28	1.00E-06	0.01
0.0011509999	1.28	1.00E-06	0.01
0.0011511999	1.28	1.00E-06	0.01
0.0011513999	1.28	1.00E-06	0.01
0.0011515999	1.28	1.00E-06	0.01
0.0011517999	1.28	1.00E-06	0.01
0.0011519999	1.28	1.00E-06	0.01
0.0011521999	1.28	1.00E-06	0.01
0.0011523999	1.28	1.00E-06	0.01
0.0011525999	1.28	1.00E-06	0.01
0.0011527999	1.28	1.00E-06	0.01
0.0011529999	1.28	1.00E-06	0.01
0.0011531999	1.28	1.00E-06	0.01
0.0011533999	1.28	1.00E-06	0.01
0.0011535999	1.28	1.00E-06	0.01
0.0011537999	1.24	1.00E-06	0.01
0.0011539999	1.24	1.00E-06	0.01
0.0011541999	1.24	1.00E-06	0.01
0.0011543999	1.24	1.00E-06	0.01
0.0011545999	1.28	1.00E-06	0.01
0.0011547999	1.24	1.00E-06	0.01
0.0011549999	1.24	1.00E-06	0.01
0.0011551999	1.24	1.00E-06	0.01
0.0011554	1.24	1.00E-06	0.01
0.0011556	1.24	1.00E-06	0.01
0.0011558	1.28	1.00E-06	0.01
0.001156	1.24	1.00E-06	0.01
0.0011562	1.24	1.00E-06	0.01
0.0011564	1.24	1.00E-06	0.01
0.0011566	1.24	1.00E-06	0.01
0.0011568	1.24	1.00E-06	0.01
0.001157	1.24	1.00E-06	0.01
0.0011572	1.24	1.00E-06	0.01
0.0011574	1.24	1.00E-06	0.01
0.0011576	1.24	1.00E-06	0.01
0.0011578	1.24	1.00E-06	0.01
0.001158	1.24	1.00E-06	0.01
0.0011582	1.24	1.00E-06	0.01
0.0011584	1.24	1.00E-06	0.01
0.0011586	1.24	1.00E-06	0.01
0.0011588	1.24	1.00E-06	0.01
0.001159	1.24	1.00E-06	0.01
0.0011592	1.24	1.00E-06	0.01
0.0011594	1.24	1.00E-06	0.01
0.0011596	1.24	1.00E-06	0.01
0.0011598	1.24	1.00E-06	0.01
0.00116	1.24	1.00E-06	0.01
0.0011602	1.24	1.00E-06	0.01
0.0011604	1.24	1.00E-06	0.01
0.0011606	1.24	1.00E-06	0.01
0.0011608	1.24	1.00E-06	0.01
0.001161	1.24	1.00E-06	0.01
0.0011612	1.24	1.00E-06	0.01
0.0011614	1.24	1.00E-06	0.01
0.0011616	1.24	1.00E-06	0.01
0.0011618	1.24	1.00E-06	0.01
0.001162	1.24	1.00E-06	0.01
0.0011622	1.24	1.00E-06	0.01
0.0011624	1.24	1.00E-06	0.01
0.0011626	1.28	1.00E-06	0.01
0.0011628	1.24	1.00E-06	0.01
0.001163	1.24	1.00E-06	0.01
0.0011632	1.24	1.00E-06	0.01
0.0011634	1.28	1.00E-06	0.01
0.0011636	1.24	1.00E-06	0.01
0.0011638	1.28	1.00E-06	0.01
0.001164	1.28	1.00E-06	0.01
0.0011642	1.28	1.00E-06	0.01
0.0011643999	1.28	1.00E-06	0.01
0.0011645999	1.28	1.00E-06	0.01
0.0011647999	1.28	1.00E-06	0.01
0.0011649999	1.28	1.00E-06	0.01
0.0011651999	1.28	1.00E-06	0.01
0.0011653999	1.28	1.00E-06	0.01
0.0011655999	1.28	1.00E-06	0.01
0.0011657999	1.28	1.00E-06	0.01
0.0011659999	1.28	1.00E-06	0.01
0.0011661999	1.28	1.00E-06	0.01
0.0011663999	1.28	1.00E-06	0.01
0.0011665999	1.28	1.00E-06	0.01
0.0011667999	1.28	1.00E-06	0.01
0.0011669999	1.28	1.00E-06	0.01
0.0011671999	1.28	1.00E-06	0.01
0.0011673999	1.28	1.00E-06	0.01
0.0011675999	1.28	1.00E-06	0.01
0.0011677999	1.28	1.00E-06	0.01
0.0011679999	1.28	1.00E-06	0.01
0.0011681999	1.28	1.00E-06	0.01
0.0011683999	1.28	1.00E-06	0.01
0.0011685999	1.28	1.00E-06	0.01
0.0011687999	1.28	1.00E-06	0.01
0.0011689999	1.28	1.00E-06	0.01
0.0011691999	1.28	1.00E-06	0.01
0.0011693999	1.28	1.00E-06	0.01
0.0011695999	1.28	1.00E-06	0.01
0.0011697999	1.28	1.00E-06	0.01
0.0011699999	1.28	1.00E-06	0.01
0.0011701999	1.28	1.00E-06	0.01
0.0011703999	1.28	1.00E-06	0.01
0.0011705999	1.28	1.00E-06	0.01
0.0011708	1.28	1.00E-06	0.01
0.001171	1.28	1.00E-06	0.01
0.0011712	1.28	1.00E-06	0.01
0.0011714	1.28	1.00E-06	0.01
0.0011716	1.28	1.00E-06	0.01
0.0011718	1.28	1.00E-06	0.01
0.001172	1.28	1.00E-06	0.01
0.0011722	1.28	1.00E-06	0.01
0.0011724	1.28	1.00E-06	0.01
0.0011726	1.28	1.00E-06	0.01
0.0011728	1.28	1.00E-06	0.01
0.001173	1.28	1.00E-06	0.01
0.0011732	1.28	1.00E-06	0.01
0.0011734	1.28	1.00E-06	0.01
0.0011736	1.28	1.00E-06	0.01
0.0011738	1.28	1.00E-06	0.01
0.001174	1.28	1.00E-06	0.01
0.0011742	1.28	1.00E-06	0.01
0.0011744	1.28	1.00E-06	0.01
0.0011746	1.28	1.00E-06	0.01
0.0011748	1.28	1.00E-06	0.01
0.001175	1.28	1.00E-06	0.01
0.0011752	1.28	1.00E-06	0.01
0.0011754	1.28	1.00E-06	0.01
0.0011756	1.28	1.00E-06	0.01
0.0011758	1.28	1.00E-06	0.01
0.001176	1.28	1.00E-06	0.01
0.0011762	1.28	1.00E-06	0.01
0.0011764	1.28	1.00E-06	0.01
0.0011766	1.28	1.00E-06	0.01
0.0011768	1.28	1.00E-06	0.01
0.001177	1.28	1.00E-06	0.01
0.0011772	1.28	1.00E-06	0.01
0.0011774	1.28	1.00E-06	0.01
0.0011776	1.28	1.00E-06	0.01
0.0011778	1.28	1.00E-06	0.01
0.001178	1.28	1.00E-06	0.01
0.0011782	1.28	1.00E-06	0.01
0.0011784	1.28	1.00E-06	0.01
0.0011786	1.28	1.00E-06	0.01
0.0011788	1.28	1.00E-06	0.01
0.001179	1.28	1.00E-06	0.01
0.0011792	1.28	1.00E-06	0.01
0.0011794	1.28	1.00E-06	0.01
0.0011795999	1.28	1.00E-06	0.01
0.0011797999	1.28	1.00E-06	0.01
0.0011799999	1.28	1.00E-06	0.01
0.0011801999	1.28	1.00E-06	0.01
0.0011803999	1.28	1.00E-06	0.01
0.0011805999	1.28	1.00E-06	0.01
0.0011807999	1.28	1.00E-06	0.01
0.0011809999	1.28	1.00E-06	0.01
0.0011811999	1.28	1.00E-06	0.01
0.0011813999	1.28	1.00E-06	0.01
0.0011815999	1.28	1.00E-06	0.01
0.0011817999	1.28	1.00E-06	0.01
0.0011819999	1.28	1.00E-06	0.01
0.0011821999	1.28	1.00E-06	0.01
0.0011823999	1.28	1.00E-06	0.01
0.0011825999	1.28	1.00E-06	0.01
0.0011827999	1.28	1.00E-06	0.01
0.0011829999	1.28	1.00E-06	0.01
0.0011831999	1.28	1.00E-06	0.01
0.0011833999	1.28	1.00E-06	0.01
0.0011835999	1.28	1.00E-06	0.01
0.0011837999	1.28	1.00E-06	0.01
0.0011839999	1.28	1.00E-06	0.01
0.0011841999	1.28	1.00E-06	0.01
0.0011843999	1.28	1.00E-06	0.01
0.0011845999	1.28	1.00E-06	0.01
0.0011847999	1.3199999	1.00E-06	0.01
0.0011849999	1.28	1.00E-06	0.01
0.0011851999	1.28	1.00E-06	0.01
0.0011853999	1.28	1.00E-06	0.01
0.0011855999	1.28	1.00E-06	0.01
0.0011857999	1.28	1.00E-06	0.01
0.001186	1.28	1.00E-06	0.01
0.0011862	1.28	1.00E-06	0.01
0.0011864	1.28	1.00E-06	0.01
0.0011866	1.3199999	1.00E-06	0.01
0.0011868	1.28	1.00E-06	0.01
0.001187	1.28	1.00E-06	0.01
0.0011872	1.28	1.00E-06	0.01
0.0011874	1.28	1.00E-06	0.01
0.0011876	1.28	1.00E-06	0.01
0.0011878	1.28	1.00E-06	0.01
0.001188	1.28	1.00E-06	0.01
0.0011882	1.28	1.00E-06	0.01
0.0011884	1.28	1.00E-06	0.01
0.0011886	1.28	1.00E-06	0.01
0.0011888	1.28	1.00E-06	0.01
0.001189	1.28	1.00E-06	0.01
0.0011892	1.28	1.00E-06	0.01
0.0011894	1.28	1.00E-06	0.01
0.0011896	1.28	1.00E-06	0.01
0.0011898	1.28	1.00E-06	0.01
0.00119	1.28	1.00E-06	0.01
0.0011902	1.28	1.00E-06	0.01
0.0011904	1.28	1.00E-06	0.01
0.0011906	1.28	1.00E-06	0.01
0.0011908	1.28	1.00E-06	0.01
0.001191	1.28	1.00E-06	0.01
0.0011912	1.28	1.00E-06	0.01
0.0011914	1.28	1.00E-06	0.01
0.0011916	1.28	1.00E-06	0.01
0.0011918	1.28	1.00E-06	0.01
0.001192	1.28	1.00E-06	0.01
0.0011922	1.28	1.00E-06	0.01
0.0011924	1.28	1.00E-06	0.01
0.0011926	1.28	1.00E-06	0.01
0.0011928	1.28	1.00E-06	0.01
0.001193	1.28	1.00E-06	0.01
0.0011932	1.28	1.00E-06	0.01
0.0011934	1.28	1.00E-06	0.01
0.0011936	1.28	1.00E-06	0.01
0.0011938	1.28	1.00E-06	0.01
0.001194	1.28	1.00E-06	0.01
0.0011942	1.28	1.00E-06	0.01
0.0011944	1.28	1.00E-06	0.01
0.0011946	1.28	1.00E-06	0.01
0.0011948	1.28	1.00E-06	0.01
0.0011949999	1.28	1.00E-06	0.01
0.0011951999	1.28	1.00E-06	0.01
0.0011953999	1.28	1.00E-06	0.01
0.0011955999	1.28	1.00E-06	0.01
0.0011957999	1.28	1.00E-06	0.01
0.0011959999	1.28	1.00E-06	0.01
0.0011961999	1.28	1.00E-06	0.01
0.0011963999	1.28	1.00E-06	0.01
0.0011965999	1.28	1.00E-06	0.01
0.0011967999	1.28	1.00E-06	0.01
0.0011969999	1.28	1.00E-06	0.01
0.0011971999	1.28	1.00E-06	0.01
0.0011973999	1.28	1.00E-06	0.01
0.0011975999	1.28	1.00E-06	0.01
0.0011977999	1.28	1.00E-06	0.01
0.0011979999	1.28	1.00E-06	0.01
0.0011981999	1.28	1.00E-06	0.01
0.0011983999	1.28	1.00E-06	0.01
0.0011985999	1.28	1.00E-06	0.01
0.0011987999	1.28	1.00E-06	0.01
0.0011989999	1.28	1.00E-06	0.01
0.0011991999	1.28	1.00E-06	0.01
0.0011993999	1.28	1.00E-06	0.01
0.0011995999	1.28	1.00E-06	0.01
0.0011997999	1.28	1.00E-06	0.01
0.0011999999	1.28	1.00E-06	0.01
0.0012001999	1.28	1.00E-06	0.01
0.0012003999	1.28	1.00E-06	0.01
0.0012005999	1.28	1.00E-06	0.01
0.0012007999	1.28	1.00E-06	0.01
0.0012009999	1.28	1.00E-06	0.01
0.0012011999	1.28	1.00E-06	0.01
0.0012014	1.28	1.00E-06	0.01
0.0012016	1.28	1.00E-06	0.01
0.0012018	1.28	1.00E-06	0.01
0.001202	1.28	1.00E-06	0.01
0.0012022	1.28	1.00E-06	0.01
0.0012024	1.28	1.00E-06	0.01
0.0012026	1.28	1.00E-06	0.01
0.0012028	1.28	1.00E-06	0.01
0.001203	1.28	1.00E-06	0.01
0.0012032	1.28	1.00E-06	0.01
0.0012034	1.28	1.00E-06	0.01
0.0012036	1.28	1.00E-06	0.01
0.0012038	1.28	1.00E-06	0.01
0.001204	1.28	1.00E-06	0.01
0.0012042	1.28	1.00E-06	0.01
0.0012044	1.28	1.00E-06	0.01
0.0012046	1.28	1.00E-06	0.01
0.0012048	1.28	1.00E-06	0.01
0.001205	1.28	1.00E-06	0.01
0.0012052	1.28	1.00E-06	0.01
0.0012054	1.28	1.00E-06	0.01
0.0012056	1.28	1.00E-06	0.01
0.0012058	1.28	1.00E-06	0.01
0.001206	1.28	1.00E-06	0.01
0.0012062	1.28	1.00E-06	0.01
0.0012064	1.28	1.00E-06	0.01
0.0012066	1.28	1.00E-06	0.01
0.0012068	1.28	1.00E-06	0.01
0.001207	1.28	1.00E-06	0.01
0.0012072	1.28	1.00E-06	0.01
0.0012074	1.28	1.00E-06	0.01
0.0012076	1.28	1.00E-06	0.01
0.0012078	1.28	1.00E-06	0.01
0.001208	1.28	1.00E-06	0.01
0.0012082	1.28	1.00E-06	0.01
0.0012084	1.28	1.00E-06	0.01
0.0012086	1.28	1.00E-06	0.01
0.0012088	1.28	1.00E-06	0.01
0.001209	1.28	1.00E-06	0.01
0.0012092	1.28	1.00E-06	0.01
0.0012094	1.28	1.00E-06	0.01
0.0012096	1.28	1.00E-06	0.01
0.0012098	1.28	1.00E-06	0.01
0.00121	1.28	1.00E-06	0.01
0.0012101999	1.28	1.00E-06	0.01
0.0012103999	1.24	1.00E-06	0.01
0.0012105999	1.28	1.00E-06	0.01
0.0012107999	1.28	1.00E-06	0.01
0.0012109999	1.24	1.00E-06	0.01
0.0012111999	1.28	1.00E-06	0.01
0.0012113999	1.24	1.00E-06	0.01
0.0012115999	1.28	1.00E-06	0.01
0.0012117999	1.24	1.00E-06	0.01
0.0012119999	1.24	1.00E-06	0.01
0.0012121999	1.24	1.00E-06	0.01
0.0012123999	1.24	1.00E-06	0.01
0.0012125999	1.24	1.00E-06	0.01
0.0012127999	1.24	1.00E-06	0.01
0.0012129999	1.24	1.00E-06	0.01
0.0012131999	1.24	1.00E-06	0.01
0.0012133999	1.24	1.00E-06	0.01
0.0012135999	1.24	1.00E-06	0.01
0.0012137999	1.24	1.00E-06	0.01
0.0012139999	1.28	1.00E-06	0.01
0.0012141999	1.24	1.00E-06	0.01
0.0012143999	1.24	1.00E-06	0.01
0.0012145999	1.24	1.00E-06	0.01
0.0012147999	1.24	1.00E-06	0.01
0.0012149999	1.24	1.00E-06	0.01
0.0012151999	1.24	1.00E-06	0.01
0.0012153999	1.24	1.00E-06	0.01
0.0012155999	1.24	1.00E-06	0.01
0.0012157999	1.24	1.00E-06	0.01
0.0012159999	1.24	1.00E-06	0.01
0.0012161999	1.24	1.00E-06	0.01
0.0012163999	1.24	1.00E-06	0.01
0.0012166	1.24	1.00E-06	0.01
0.0012168	1.24	1.00E-06	0.01
0.001217	1.28	1.00E-06	0.01
0.0012172	1.24	1.00E-06	0.01
0.0012174	1.28	1.00E-06	0.01
0.0012176	1.24	1.00E-06	0.01
0.0012178	1.24	1.00E-06	0.01
0.001218	1.24	1.00E-06	0.01
0.0012182	1.24	1.00E-06	0.01
0.0012184	1.24	1.00E-06	0.01
0.0012186	1.28	1.00E-06	0.01
0.0012188	1.24	1.00E-06	0.01
0.001219	1.28	1.00E-06	0.01
0.0012192	1.28	1.00E-06	0.01
0.0012194	1.28	1.00E-06	0.01
0.0012196	1.28	1.00E-06	0.01
0.0012198	1.28	1.00E-06	0.01
0.00122	1.28	1.00E-06	0.01
0.0012202	1.28	1.00E-06	0.01
0.0012204	1.28	1.00E-06	0.01
0.0012206	1.28	1.00E-06	0.01
0.0012208	1.28	1.00E-06	0.01
0.001221	1.28	1.00E-06	0.01
0.0012212	1.28	1.00E-06	0.01
0.0012214	1.28	1.00E-06	0.01
0.0012216	1.28	1.00E-06	0.01
0.0012218	1.28	1.00E-06	0.01
0.001222	1.28	1.00E-06	0.01
0.0012222	1.28	1.00E-06	0.01
0.0012224	1.28	1.00E-06	0.01
0.0012226	1.28	1.00E-06	0.01
0.0012228	1.28	1.00E-06	0.01
0.001223	1.28	1.00E-06	0.01
0.0012232	1.28	1.00E-06	0.01
0.0012234	1.28	1.00E-06	0.01
0.0012236	1.28	1.00E-06	0.01
0.0012238	1.28	1.00E-06	0.01
0.001224	1.28	1.00E-06	0.01
0.0012242	1.28	1.00E-06	0.01
0.0012244	1.28	1.00E-06	0.01
0.0012246	1.28	1.00E-06	0.01
0.0012248	1.28	1.00E-06	0.01
0.001225	1.28	1.00E-06	0.01
0.0012252	1.28	1.00E-06	0.01
0.0012254	1.28	1.00E-06	0.01
0.0012255999	1.28	1.00E-06	0.01
0.0012257999	1.28	1.00E-06	0.01
0.0012259999	1.28	1.00E-06	0.01
0.0012261999	1.28	1.00E-06	0.01
0.0012263999	1.28	1.00E-06	0.01
0.0012265999	1.28	1.00E-06	0.01
0.0012267999	1.28	1.00E-06	0.01
0.0012269999	1.28	1.00E-06	0.01
0.0012271999	1.28	1.00E-06	0.01
0.0012273999	1.28	1.00E-06	0.01
0.0012275999	1.28	1.00E-06	0.01
0.0012277999	1.28	1.00E-06	0.01
0.0012279999	1.28	1.00E-06	0.01
0.0012281999	1.28	1.00E-06	0.01
0.0012283999	1.28	1.00E-06	0.01
0.0012285999	1.28	1.00E-06	0.01
0.0012287999	1.28	1.00E-06	0.01
0.0012289999	1.28	1.00E-06	0.01
0.0012291999	1.28	1.00E-06	0.01
0.0012293999	1.28	1.00E-06	0.01
0.0012295999	1.28	1.00E-06	0.01
0.0012297999	1.28	1.00E-06	0.01
0.0012299999	1.28	1.00E-06	0.01
0.0012301999	1.28	1.00E-06	0.01
0.0012303999	1.28	1.00E-06	0.01
0.0012305999	1.28	1.00E-06	0.01
0.0012307999	1.28	1.00E-06	0.01
0.0012309999	1.28	1.00E-06	0.01
0.0012311999	1.28	1.00E-06	0.01
0.0012313999	1.28	1.00E-06	0.01
0.0012315999	1.28	1.00E-06	0.01
0.0012317999	1.28	1.00E-06	0.01
0.001232	1.28	1.00E-06	0.01
0.0012322	1.28	1.00E-06	0.01
0.0012324	1.28	1.00E-06	0.01
0.0012326	1.28	1.00E-06	0.01
0.0012328	1.28	1.00E-06	0.01
0.001233	1.28	1.00E-06	0.01
0.0012332	1.28	1.00E-06	0.01
0.0012334	1.28	1.00E-06	0.01
0.0012336	1.28	1.00E-06	0.01
0.0012338	1.28	1.00E-06	0.01
0.001234	1.28	1.00E-06	0.01
0.0012342	1.28	1.00E-06	0.01
0.0012344	1.28	1.00E-06	0.01
0.0012346	1.28	1.00E-06	0.01
0.0012348	1.28	1.00E-06	0.01
0.001235	1.28	1.00E-06	0.01
0.0012352	1.28	1.00E-06	0.01
0.0012354	1.28	1.00E-06	0.01
0.0012356	1.28	1.00E-06	0.01
0.0012358	1.28	1.00E-06	0.01
0.001236	1.28	1.00E-06	0.01
0.0012362	1.28	1.00E-06	0.01
0.0012364	1.28	1.00E-06	0.01
0.0012366	1.28	1.00E-06	0.01
0.0012368	1.28	1.00E-06	0.01
0.001237	1.28	1.00E-06	0.01
0.0012372	1.28	1.00E-06	0.01
0.0012374	1.28	1.00E-06	0.01
0.0012376	1.28	1.00E-06	0.01
0.0012378	1.28	1.00E-06	0.01
0.001238	1.28	1.00E-06	0.01
0.0012382	1.28	1.00E-06	0.01
0.0012384	1.28	1.00E-06	0.01
0.0012386	1.28	1.00E-06	0.01
0.0012388	1.28	1.00E-06	0.01
0.001239	1.28	1.00E-06	0.01
0.0012392	1.28	1.00E-06	0.01
0.0012394	1.28	1.00E-06	0.01
0.0012396	1.28	1.00E-06	0.01
0.0012398	1.28	1.00E-06	0.01
0.00124	1.28	1.00E-06	0.01
0.0012402	1.28	1.00E-06	0.01
0.0012404	1.28	1.00E-06	0.01
0.0012406	1.28	1.00E-06	0.01
0.0012408	1.28	1.00E-06	0.01
0.0012409999	1.28	1.00E-06	0.01
0.0012411999	1.28	1.00E-06	0.01
0.0012413999	1.28	1.00E-06	0.01
0.0012415999	1.28	1.00E-06	0.01
0.0012417999	1.28	1.00E-06	0.01
0.0012419999	1.28	1.00E-06	0.01
0.0012421999	1.28	1.00E-06	0.01
0.0012423999	1.28	1.00E-06	0.01
0.0012425999	1.28	1.00E-06	0.01
0.0012427999	1.28	1.00E-06	0.01
0.0012429999	1.28	1.00E-06	0.01
0.0012431999	1.28	1.00E-06	0.01
0.0012433999	1.28	1.00E-06	0.01
0.0012435999	1.28	1.00E-06	0.01
0.0012437999	1.28	1.00E-06	0.01
0.0012439999	1.28	1.00E-06	0.01
0.0012441999	1.28	1.00E-06	0.01
0.0012443999	1.28	1.00E-06	0.01
0.0012445999	1.28	1.00E-06	0.01
0.0012447999	1.28	1.00E-06	0.01
0.0012449999	1.28	1.00E-06	0.01
0.0012451999	1.28	1.00E-06	0.01
0.0012453999	1.28	1.00E-06	0.01
0.0012455999	1.28	1.00E-06	0.01
0.0012457999	1.28	1.00E-06	0.01
0.0012459999	1.28	1.00E-06	0.01
0.0012461999	1.28	1.00E-06	0.01
0.0012463999	1.28	1.00E-06	0.01
0.0012465999	1.28	1.00E-06	0.01
0.0012467999	1.28	1.00E-06	0.01
0.0012469999	1.28	1.00E-06	0.01
0.0012472	1.28	1.00E-06	0.01
0.0012474	1.28	1.00E-06	0.01
0.0012476	1.28	1.00E-06	0.01
0.0012478	1.28	1.00E-06	0.01
0.001248	1.28	1.00E-06	0.01
0.0012482	1.28	1.00E-06	0.01
0.0012484	1.28	1.00E-06	0.01
0.0012486	1.28	1.00E-06	0.01
0.0012488	1.28	1.00E-06	0.01
0.001249	1.28	1.00E-06	0.01
0.0012492	1.28	1.00E-06	0.01
0.0012494	1.28	1.00E-06	0.01
0.0012496	1.28	1.00E-06	0.01
0.0012498	1.28	1.00E-06	0.01
0.00125	1.28	1.00E-06	0.01
0.0012502	1.28	1.00E-06	0.01
0.0012504	1.28	1.00E-06	0.01
0.0012506	1.28	1.00E-06	0.01
0.0012508	1.28	1.00E-06	0.01
0.001251	1.28	1.00E-06	0.01
0.0012512	1.28	1.00E-06	0.01
0.0012514	1.28	1.00E-06	0.01
0.0012516	1.28	1.00E-06	0.01
0.0012518	1.28	1.00E-06	0.01
0.001252	1.28	1.00E-06	0.01
0.0012522	1.28	1.00E-06	0.01
0.0012524	1.28	1.00E-06	0.01
0.0012526	1.28	1.00E-06	0.01
0.0012528	1.28	1.00E-06	0.01
0.001253	1.28	1.00E-06	0.01
0.0012532	1.28	1.00E-06	0.01
0.0012534	1.28	1.00E-06	0.01
0.0012536	1.28	1.00E-06	0.01
0.0012538	1.28	1.00E-06	0.01
0.001254	1.28	1.00E-06	0.01
0.0012542	1.28	1.00E-06	0.01
0.0012544	1.28	1.00E-06	0.01
0.0012546	1.28	1.00E-06	0.01
0.0012548	1.28	1.00E-06	0.01
0.001255	1.28	1.00E-06	0.01
0.0012552	1.28	1.00E-06	0.01
0.0012554	1.28	1.00E-06	0.01
0.0012556	1.28	1.00E-06	0.01
0.0012558	1.28	1.00E-06	0.01
0.001256	1.28	1.00E-06	0.01
0.0012561999	1.28	1.00E-06	0.01
0.0012563999	1.28	1.00E-06	0.01
0.0012565999	1.28	1.00E-06	0.01
0.0012567999	1.28	1.00E-06	0.01
0.0012569999	1.28	1.00E-06	0.01
0.0012571999	1.28	1.00E-06	0.01
0.0012573999	1.28	1.00E-06	0.01
0.0012575999	1.28	1.00E-06	0.01
0.0012577999	1.28	1.00E-06	0.01
0.0012579999	1.28	1.00E-06	0.01
0.0012581999	1.28	1.00E-06	0.01
0.0012583999	1.28	1.00E-06	0.01
0.0012585999	1.28	1.00E-06	0.01
0.0012587999	1.28	1.00E-06	0.01
0.0012589999	1.28	1.00E-06	0.01
0.0012591999	1.28	1.00E-06	0.01
0.0012593999	1.28	1.00E-06	0.01
0.0012595999	1.28	1.00E-06	0.01
0.0012597999	1.28	1.00E-06	0.01
0.0012599999	1.28	1.00E-06	0.01
0.0012601999	1.28	1.00E-06	0.01
0.0012603999	1.28	1.00E-06	0.01
0.0012605999	1.28	1.00E-06	0.01
0.0012607999	1.28	1.00E-06	0.01
0.0012609999	1.28	1.00E-06	0.01
0.0012611999	1.28	1.00E-06	0.01
0.0012613999	1.28	1.00E-06	0.01
0.0012615999	1.28	1.00E-06	0.01
0.0012617999	1.28	1.00E-06	0.01
0.0012619999	1.28	1.00E-06	0.01
0.0012621999	1.28	1.00E-06	0.01
0.0012624	1.28	1.00E-06	0.01
0.0012626	1.28	1.00E-06	0.01
0.0012628	1.28	1.00E-06	0.01
0.001263	1.28	1.00E-06	0.01
0.0012632	1.28	1.00E-06	0.01
0.0012634	1.28	1.00E-06	0.01
0.0012636	1.28	1.00E-06	0.01
0.0012638	1.28	1.00E-06	0.01
0.001264	1.28	1.00E-06	0.01
0.0012642	1.28	1.00E-06	0.01
0.0012644	1.28	1.00E-06	0.01
0.0012646	1.28	1.00E-06	0.01
0.0012648	1.28	1.00E-06	0.01
0.001265	1.28	1.00E-06	0.01
0.0012652	1.28	1.00E-06	0.01
0.0012654	1.28	1.00E-06	0.01
0.0012656	1.28	1.00E-06	0.01
0.0012658	1.28	1.00E-06	0.01
0.001266	1.28	1.00E-06	0.01
0.0012662	1.28	1.00E-06	0.01
0.0012664	1.28	1.00E-06	0.01
0.0012666	1.28	1.00E-06	0.01
0.0012668	1.28	1.00E-06	0.01
0.001267	1.28	1.00E-06	0.01
0.0012672	1.28	1.00E-06	0.01
0.0012674	1.28	1.00E-06	0.01
0.0012676	1.28	1.00E-06	0.01
0.0012678	1.28	1.00E-06	0.01
0.001268	1.28	1.00E-06	0.01
0.0012682	1.28	1.00E-06	0.01
0.0012684	1.24	1.00E-06	0.01
0.0012686	1.28	1.00E-06	0.01
0.0012688	1.28	1.00E-06	0.01
0.001269	1.28	1.00E-06	0.01
0.0012692	1.28	1.00E-06	0.01
0.0012694	1.28	1.00E-06	0.01
0.0012696	1.28	1.00E-06	0.01
0.0012698	1.28	1.00E-06	0.01
0.00127	1.28	1.00E-06	0.01
0.0012702	1.28	1.00E-06	0.01
0.0012704	1.28	1.00E-06	0.01
0.0012706	1.28	1.00E-06	0.01
0.0012708	1.24	1.00E-06	0.01
0.001271	1.28	1.00E-06	0.01
0.0012712	1.24	1.00E-06	0.01
0.0012714	1.28	1.00E-06	0.01
0.0012715999	1.24	1.00E-06	0.01
0.0012717999	1.24	1.00E-06	0.01
0.0012719999	1.28	1.00E-06	0.01
0.0012721999	1.28	1.00E-06	0.01
0.0012723999	1.24	1.00E-06	0.01
0.0012725999	1.28	1.00E-06	0.01
0.0012727999	1.28	1.00E-06	0.01
0.0012729999	1.28	1.00E-06	0.01
0.0012731999	1.28	1.00E-06	0.01
0.0012733999	1.28	1.00E-06	0.01
0.0012735999	1.28	1.00E-06	0.01
0.0012737999	1.28	1.00E-06	0.01
0.0012739999	1.28	1.00E-06	0.01
0.0012741999	1.28	1.00E-06	0.01
0.0012743999	1.28	1.00E-06	0.01
0.0012745999	1.28	1.00E-06	0.01
0.0012747999	1.28	1.00E-06	0.01
0.0012749999	1.28	1.00E-06	0.01
0.0012751999	1.28	1.00E-06	0.01
0.0012753999	1.28	1.00E-06	0.01
0.0012755999	1.28	1.00E-06	0.01
0.0012757999	1.28	1.00E-06	0.01
0.0012759999	1.28	1.00E-06	0.01
0.0012761999	1.28	1.00E-06	0.01
0.0012763999	1.28	1.00E-06	0.01
0.0012765999	1.28	1.00E-06	0.01
0.0012767999	1.28	1.00E-06	0.01
0.0012769999	1.28	1.00E-06	0.01
0.0012771999	1.28	1.00E-06	0.01
0.0012773999	1.28	1.00E-06	0.01
0.0012775999	1.28	1.00E-06	0.01
0.0012778	1.28	1.00E-06	0.01
0.001278	1.28	1.00E-06	0.01
0.0012782	1.28	1.00E-06	0.01
0.0012784	1.28	1.00E-06	0.01
0.0012786	1.28	1.00E-06	0.01
0.0012788	1.28	1.00E-06	0.01
0.001279	1.28	1.00E-06	0.01
0.0012792	1.28	1.00E-06	0.01
0.0012794	1.28	1.00E-06	0.01
0.0012796	1.28	1.00E-06	0.01
0.0012798	1.28	1.00E-06	0.01
0.00128	1.28	1.00E-06	0.01
0.0012802	1.28	1.00E-06	0.01
0.0012804	1.28	1.00E-06	0.01
0.0012806	1.28	1.00E-06	0.01
0.0012808	1.28	1.00E-06	0.01
0.001281	1.28	1.00E-06	0.01
0.0012812	1.28	1.00E-06	0.01
0.0012814	1.28	1.00E-06	0.01
0.0012816	1.28	1.00E-06	0.01
0.0012818	1.28	1.00E-06	0.01
0.001282	1.28	1.00E-06	0.01
0.0012822	1.28	1.00E-06	0.01
0.0012824	1.28	1.00E-06	0.01
0.0012826	1.28	1.00E-06	0.01
0.0012828	1.28	1.00E-06	0.01
0.001283	1.28	1.00E-06	0.01
0.0012832	1.28	1.00E-06	0.01
0.0012834	1.28	1.00E-06	0.01
0.0012836	1.28	1.00E-06	0.01
0.0012838	1.28	1.00E-06	0.01
0.001284	1.28	1.00E-06	0.01
0.0012842	1.28	1.00E-06	0.01
0.0012844	1.28	1.00E-06	0.01
0.0012846	1.28	1.00E-06	0.01
0.0012848	1.28	1.00E-06	0.01
0.001285	1.28	1.00E-06	0.01
0.0012852	1.28	1.00E-06	0.01
0.0012854	1.28	1.00E-06	0.01
0.0012856	1.28	1.00E-06	0.01
0.0012858	1.28	1.00E-06	0.01
0.001286	1.28	1.00E-06	0.01
0.0012862	1.28	1.00E-06	0.01
0.0012864	1.28	1.00E-06	0.01
0.0012866	1.28	1.00E-06	0.01
0.0012867999	1.28	1.00E-06	0.01
0.0012869999	1.28	1.00E-06	0.01
0.0012871999	1.28	1.00E-06	0.01
0.0012873999	1.28	1.00E-06	0.01
0.0012875999	1.28	1.00E-06	0.01
0.0012877999	1.28	1.00E-06	0.01
0.0012879999	1.28	1.00E-06	0.01
0.0012881999	1.28	1.00E-06	0.01
0.0012883999	1.28	1.00E-06	0.01
0.0012885999	1.28	1.00E-06	0.01
0.0012887999	1.28	1.00E-06	0.01
0.0012889999	1.28	1.00E-06	0.01
0.0012891999	1.28	1.00E-06	0.01
0.0012893999	1.28	1.00E-06	0.01
0.0012895999	1.28	1.00E-06	0.01
0.0012897999	1.28	1.00E-06	0.01
0.0012899999	1.28	1.00E-06	0.01
0.0012901999	1.28	1.00E-06	0.01
0.0012903999	1.28	1.00E-06	0.01
0.0012905999	1.28	1.00E-06	0.01
0.0012907999	1.28	1.00E-06	0.01
0.0012909999	1.28	1.00E-06	0.01
0.0012911999	1.28	1.00E-06	0.01
0.0012913999	1.28	1.00E-06	0.01
0.0012915999	1.28	1.00E-06	0.01
0.0012917999	1.28	1.00E-06	0.01
0.0012919999	1.28	1.00E-06	0.01
0.0012921999	1.28	1.00E-06	0.01
0.0012923999	1.28	1.00E-06	0.01
0.0012925999	1.28	1.00E-06	0.01
0.0012927999	1.28	1.00E-06	0.01
0.001293	1.28	1.00E-06	0.01
0.0012932	1.28	1.00E-06	0.01
0.0012934	1.28	1.00E-06	0.01
0.0012936	1.28	1.00E-06	0.01
0.0012938	1.28	1.00E-06	0.01
0.001294	1.28	1.00E-06	0.01
0.0012942	1.28	1.00E-06	0.01
0.0012944	1.28	1.00E-06	0.01
0.0012946	1.28	1.00E-06	0.01
0.0012948	1.28	1.00E-06	0.01
0.001295	1.28	1.00E-06	0.01
0.0012952	1.28	1.00E-06	0.01
0.0012954	1.28	1.00E-06	0.01
0.0012956	1.28	1.00E-06	0.01
0.0012958	1.28	1.00E-06	0.01
0.001296	1.28	1.00E-06	0.01
0.0012962	1.28	1.00E-06	0.01
0.0012964	1.28	1.00E-06	0.01
0.0012966	1.28	1.00E-06	0.01
0.0012968	1.28	1.00E-06	0.01
0.001297	1.28	1.00E-06	0.01
0.0012972	1.28	1.00E-06	0.01
0.0012974	1.28	1.00E-06	0.01
0.0012976	1.28	1.00E-06	0.01
0.0012978	1.28	1.00E-06	0.01
0.001298	1.28	1.00E-06	0.01
0.0012982	1.28	1.00E-06	0.01
0.0012984	1.28	1.00E-06	0.01
0.0012986	1.28	1.00E-06	0.01
0.0012988	1.28	1.00E-06	0.01
0.001299	1.28	1.00E-06	0.01
0.0012992	1.28	1.00E-06	0.01
0.0012994	1.28	1.00E-06	0.01
0.0012996	1.28	1.00E-06	0.01
0.0012998	1.28	1.00E-06	0.01
0.0013	1.28	1.00E-06	0.01
0.0013002	1.28	1.00E-06	0.01
0.0013004	1.28	1.00E-06	0.01
0.0013006	1.28	1.00E-06	0.01
0.0013008	1.28	1.00E-06	0.01
0.001301	1.28	1.00E-06	0.01
0.0013012	1.28	1.00E-06	0.01
0.0013014	1.28	1.00E-06	0.01
0.0013016	1.28	1.00E-06	0.01
0.0013018	1.28	1.00E-06	0.01
0.001302	1.28	1.00E-06	0.01
0.0013021999	1.28	1.00E-06	0.01
0.0013023999	1.28	1.00E-06	0.01
0.0013025999	1.28	1.00E-06	0.01
0.0013027999	1.28	1.00E-06	0.01
0.0013029999	1.28	1.00E-06	0.01
0.0013031999	1.28	1.00E-06	0.01
0.0013033999	1.28	1.00E-06	0.01
0.0013035999	1.28	1.00E-06	0.01
0.0013037999	1.28	1.00E-06	0.01
0.0013039999	1.28	1.00E-06	0.01
0.0013041999	1.28	1.00E-06	0.01
0.0013043999	1.28	1.00E-06	0.01
0.0013045999	1.28	1.00E-06	0.01
0.0013047999	1.28	1.00E-06	0.01
0.0013049999	1.28	1.00E-06	0.01
0.0013051999	1.28	1.00E-06	0.01
0.0013053999	1.28	1.00E-06	0.01
0.0013055999	1.28	1.00E-06	0.01
0.0013057999	1.28	1.00E-06	0.01
0.0013059999	1.28	1.00E-06	0.01
0.0013061999	1.28	1.00E-06	0.01
0.0013063999	1.28	1.00E-06	0.01
0.0013065999	1.28	1.00E-06	0.01
0.0013067999	1.28	1.00E-06	0.01
0.0013069999	1.28	1.00E-06	0.01
0.0013071999	1.28	1.00E-06	0.01
0.0013073999	1.28	1.00E-06	0.01
0.0013075999	1.28	1.00E-06	0.01
0.0013077999	1.28	1.00E-06	0.01
0.0013079999	1.28	1.00E-06	0.01
0.0013081999	1.28	1.00E-06	0.01
0.0013084	1.28	1.00E-06	0.01
0.0013086	1.28	1.00E-06	0.01
0.0013088	1.28	1.00E-06	0.01
0.001309	1.28	1.00E-06	0.01
0.0013092	1.28	1.00E-06	0.01
0.0013094	1.28	1.00E-06	0.01
0.0013096	1.28	1.00E-06	0.01
0.0013098	1.28	1.00E-06	0.01
0.00131	1.28	1.00E-06	0.01
0.0013102	1.28	1.00E-06	0.01
0.0013104	1.28	1.00E-06	0.01
0.0013106	1.28	1.00E-06	0.01
0.0013108	1.28	1.00E-06	0.01
0.001311	1.28	1.00E-06	0.01
0.0013112	1.28	1.00E-06	0.01
0.0013114	1.28	1.00E-06	0.01
0.0013116	1.28	1.00E-06	0.01
0.0013118	1.28	1.00E-06	0.01
0.001312	1.28	1.00E-06	0.01
0.0013122	1.28	1.00E-06	0.01
0.0013124	1.28	1.00E-06	0.01
0.0013126	1.28	1.00E-06	0.01
0.0013128	1.28	1.00E-06	0.01
0.001313	1.28	1.00E-06	0.01
0.0013132	1.28	1.00E-06	0.01
0.0013134	1.28	1.00E-06	0.01
0.0013136	1.28	1.00E-06	0.01
0.0013138	1.28	1.00E-06	0.01
0.001314	1.28	1.00E-06	0.01
0.0013142	1.28	1.00E-06	0.01
0.0013144	1.28	1.00E-06	0.01
0.0013146	1.28	1.00E-06	0.01
0.0013148	1.28	1.00E-06	0.01
0.001315	1.28	1.00E-06	0.01
0.0013152	1.28	1.00E-06	0.01
0.0013154	1.28	1.00E-06	0.01
0.0013156	1.28	1.00E-06	0.01
0.0013158	1.28	1.00E-06	0.01
0.001316	1.28	1.00E-06	0.01
0.0013162	1.28	1.00E-06	0.01
0.0013164	1.28	1.00E-06	0.01
0.0013166	1.28	1.00E-06	0.01
0.0013168	1.28	1.00E-06	0.01
0.001317	1.28	1.00E-06	0.01
0.0013172	1.28	1.00E-06	0.01
0.0013173999	1.28	1.00E-06	0.01
0.0013175999	1.28	1.00E-06	0.01
0.0013177999	1.28	1.00E-06	0.01
0.0013179999	1.28	1.00E-06	0.01
0.0013181999	1.28	1.00E-06	0.01
0.0013183999	1.28	1.00E-06	0.01
0.0013185999	1.28	1.00E-06	0.01
0.0013187999	1.28	1.00E-06	0.01
0.0013189999	1.28	1.00E-06	0.01
0.0013191999	1.28	1.00E-06	0.01
0.0013193999	1.28	1.00E-06	0.01
0.0013195999	1.28	1.00E-06	0.01
0.0013197999	1.28	1.00E-06	0.01
0.0013199999	1.28	1.00E-06	0.01
0.0013201999	1.28	1.00E-06	0.01
0.0013203999	1.28	1.00E-06	0.01
0.0013205999	1.28	1.00E-06	0.01
0.0013207999	1.28	1.00E-06	0.01
0.0013209999	1.28	1.00E-06	0.01
0.0013211999	1.28	1.00E-06	0.01
0.0013213999	1.28	1.00E-06	0.01
0.0013215999	1.28	1.00E-06	0.01
0.0013217999	1.28	1.00E-06	0.01
0.0013219999	1.28	1.00E-06	0.01
0.0013221999	1.28	1.00E-06	0.01
0.0013223999	1.28	1.00E-06	0.01
0.0013225999	1.28	1.00E-06	0.01
0.0013227999	1.28	1.00E-06	0.01
0.0013229999	1.28	1.00E-06	0.01
0.0013231999	1.28	1.00E-06	0.01
0.0013233999	1.28	1.00E-06	0.01
0.0013236	1.28	1.00E-06	0.01
0.0013238	1.28	1.00E-06	0.01
0.001324	1.28	1.00E-06	0.01
0.0013242	1.28	1.00E-06	0.01
0.0013244	1.28	1.00E-06	0.01
0.0013246	1.28	1.00E-06	0.01
0.0013248	1.28	1.00E-06	0.01
0.001325	1.28	1.00E-06	0.01
0.0013252	1.28	1.00E-06	0.01
0.0013254	1.28	1.00E-06	0.01
0.0013256	1.28	1.00E-06	0.01
0.0013258	1.28	1.00E-06	0.01
0.001326	1.28	1.00E-06	0.01
0.0013262	1.28	1.00E-06	0.01
0.0013264	1.28	1.00E-06	0.01
0.0013266	1.28	1.00E-06	0.01
0.0013268	1.28	1.00E-06	0.01
0.001327	1.28	1.00E-06	0.01
0.0013272	1.28	1.00E-06	0.01
0.0013274	1.28	1.00E-06	0.01
0.0013276	1.28	1.00E-06	0.01
0.0013278	1.28	1.00E-06	0.01
0.001328	1.24	1.00E-06	0.01
0.0013282	1.28	1.00E-06	0.01
0.0013284	1.28	1.00E-06	0.01
0.0013286	1.28	1.00E-06	0.01
0.0013288	1.28	1.00E-06	0.01
0.001329	1.28	1.00E-06	0.01
0.0013292	1.28	1.00E-06	0.01
0.0013294	1.28	1.00E-06	0.01
0.0013296	1.28	1.00E-06	0.01
0.0013298	1.28	1.00E-06	0.01
0.00133	1.28	1.00E-06	0.01
0.0013302	1.24	1.00E-06	0.01
0.0013304	1.28	1.00E-06	0.01
0.0013306	1.28	1.00E-06	0.01
0.0013308	1.28	1.00E-06	0.01
0.001331	1.28	1.00E-06	0.01
0.0013312	1.28	1.00E-06	0.01
0.0013314	1.28	1.00E-06	0.01
0.0013316	1.28	1.00E-06	0.01
0.0013318	1.28	1.00E-06	0.01
0.001332	1.28	1.00E-06	0.01
0.0013322	1.28	1.00E-06	0.01
0.0013324	1.28	1.00E-06	0.01
0.0013326	1.28	1.00E-06	0.01
0.0013327999	1.28	1.00E-06	0.01
0.0013329999	1.28	1.00E-06	0.01
0.0013331999	1.28	1.00E-06	0.01
0.0013333999	1.28	1.00E-06	0.01
0.0013335999	1.28	1.00E-06	0.01
0.0013337999	1.28	1.00E-06	0.01
0.0013339999	1.28	1.00E-06	0.01
0.0013341999	1.28	1.00E-06	0.01
0.0013343999	1.28	1.00E-06	0.01
0.0013345999	1.28	1.00E-06	0.01
0.0013347999	1.28	1.00E-06	0.01
0.0013349999	1.28	1.00E-06	0.01
0.0013351999	1.28	1.00E-06	0.01
0.0013353999	1.28	1.00E-06	0.01
0.0013355999	1.28	1.00E-06	0.01
0.0013357999	1.28	1.00E-06	0.01
0.0013359999	1.28	1.00E-06	0.01
0.0013361999	1.28	1.00E-06	0.01
0.0013363999	1.28	1.00E-06	0.01
0.0013365999	1.28	1.00E-06	0.01
0.0013367999	1.28	1.00E-06	0.01
0.0013369999	1.28	1.00E-06	0.01
0.0013371999	1.28	1.00E-06	0.01
0.0013373999	1.28	1.00E-06	0.01
0.0013375999	1.28	1.00E-06	0.01
0.0013377999	1.28	1.00E-06	0.01
0.0013379999	1.28	1.00E-06	0.01
0.0013381999	1.28	1.00E-06	0.01
0.0013383999	1.28	1.00E-06	0.01
0.0013385999	1.28	1.00E-06	0.01
0.0013387999	1.28	1.00E-06	0.01
0.001339	1.28	1.00E-06	0.01
0.0013392	1.28	1.00E-06	0.01
0.0013394	1.28	1.00E-06	0.01
0.0013396	1.28	1.00E-06	0.01
0.0013398	1.28	1.00E-06	0.01
0.00134	1.28	1.00E-06	0.01
0.0013402	1.28	1.00E-06	0.01
0.0013404	1.28	1.00E-06	0.01
0.0013406	1.28	1.00E-06	0.01
0.0013408	1.28	1.00E-06	0.01
0.001341	1.28	1.00E-06	0.01
0.0013412	1.28	1.00E-06	0.01
0.0013414	1.28	1.00E-06	0.01
0.0013416	1.28	1.00E-06	0.01
0.0013418	1.28	1.00E-06	0.01
0.001342	1.28	1.00E-06	0.01
0.0013422	1.28	1.00E-06	0.01
0.0013424	1.28	1.00E-06	0.01
0.0013426	1.28	1.00E-06	0.01
0.0013428	1.28	1.00E-06	0.01
0.001343	1.28	1.00E-06	0.01
0.0013432	1.28	1.00E-06	0.01
0.0013434	1.28	1.00E-06	0.01
0.0013436	1.28	1.00E-06	0.01
0.0013438	1.28	1.00E-06	0.01
0.001344	1.28	1.00E-06	0.01
0.0013442	1.28	1.00E-06	0.01
0.0013444	1.28	1.00E-06	0.01
0.0013446	1.28	1.00E-06	0.01
0.0013448	1.28	1.00E-06	0.01
0.001345	1.28	1.00E-06	0.01
0.0013452	1.28	1.00E-06	0.01
0.0013454	1.28	1.00E-06	0.01
0.0013456	1.28	1.00E-06	0.01
0.0013458	1.28	1.00E-06	0.01
0.001346	1.28	1.00E-06	0.01
0.0013462	1.28	1.00E-06	0.01
0.0013464	1.28	1.00E-06	0.01
0.0013466	1.28	1.00E-06	0.01
0.0013468	1.28	1.00E-06	0.01
0.001347	1.28	1.00E-06	0.01
0.0013472	1.28	1.00E-06	0.01
0.0013474	1.28	1.00E-06	0.01
0.0013476	1.28	1.00E-06	0.01
0.0013478	1.28	1.00E-06	0.01
0.0013479999	1.28	1.00E-06	0.01
0.0013481999	1.28	1.00E-06	0.01
0.0013483999	1.28	1.00E-06	0.01
0.0013485999	1.28	1.00E-06	0.01
0.0013487999	1.28	1.00E-06	0.01
0.0013489999	1.28	1.00E-06	0.01
0.0013491999	1.28	1.00E-06	0.01
0.0013493999	1.28	1.00E-06	0.01
0.0013495999	1.28	1.00E-06	0.01
0.0013497999	1.28	1.00E-06	0.01
0.0013499999	1.28	1.00E-06	0.01
0.0013501999	1.28	1.00E-06	0.01
0.0013503999	1.28	1.00E-06	0.01
0.0013505999	1.28	1.00E-06	0.01
0.0013507999	1.28	1.00E-06	0.01
0.0013509999	1.28	1.00E-06	0.01
0.0013511999	1.28	1.00E-06	0.01
0.0013513999	1.28	1.00E-06	0.01
0.0013515999	1.28	1.00E-06	0.01
0.0013517999	1.28	1.00E-06	0.01
0.0013519999	1.28	1.00E-06	0.01
0.0013521999	1.28	1.00E-06	0.01
0.0013523999	1.28	1.00E-06	0.01
0.0013525999	1.28	1.00E-06	0.01
0.0013527999	1.28	1.00E-06	0.01
0.0013529999	1.28	1.00E-06	0.01
0.0013531999	1.28	1.00E-06	0.01
0.0013533999	1.28	1.00E-06	0.01
0.0013535999	1.28	1.00E-06	0.01
0.0013537999	1.28	1.00E-06	0.01
0.0013539999	1.28	1.00E-06	0.01
0.0013542	1.28	1.00E-06	0.01
0.0013544	1.28	1.00E-06	0.01
0.0013546	1.28	1.00E-06	0.01
0.0013548	1.28	1.00E-06	0.01
0.001355	1.28	1.00E-06	0.01
0.0013552	1.28	1.00E-06	0.01
0.0013554	1.28	1.00E-06	0.01
0.0013556	1.28	1.00E-06	0.01
0.0013558	1.28	1.00E-06	0.01
0.001356	1.28	1.00E-06	0.01
0.0013562	1.28	1.00E-06	0.01
0.0013564	1.28	1.00E-06	0.01
0.0013566	1.28	1.00E-06	0.01
0.0013568	1.28	1.00E-06	0.01
0.001357	1.28	1.00E-06	0.01
0.0013572	1.28	1.00E-06	0.01
0.0013574	1.28	1.00E-06	0.01
0.0013576	1.28	1.00E-06	0.01
0.0013578	1.28	1.00E-06	0.01
