0.00085799995577	0.03999999911	1.00E-06	0.01
0.000858199957293	0.03999999911	1.00E-06	0.01
0.000858399958815	0.03999999911	1.00E-06	0.01
0.000858599960338	0.03999999911	1.00E-06	0.01
0.000858799961861	0.03999999911	1.00E-06	0.01
0.000858999963384	0.03999999911	1.00E-06	0.01
0.000859199964907	0.03999999911	1.00E-06	0.01
0.00085939996643	0	1.00E-06	0.01
0.000859599967953	0.03999999911	1.00E-06	0.01
0.000859799969476	0.03999999911	1.00E-06	0.01
0.000859999970999	0.03999999911	1.00E-06	0.01
0.000860199972522	0.03999999911	1.00E-06	0.01
0.000860399974044	0.03999999911	1.00E-06	0.01
0.000860599975567	0.03999999911	1.00E-06	0.01
0.00086079997709	0.03999999911	1.00E-06	0.01
0.000860999978613	0.03999999911	1.00E-06	0.01
0.000861199980136	0.03999999911	1.00E-06	0.01
0.000861399981659	0.03999999911	1.00E-06	0.01
0.000861599983182	0.03999999911	1.00E-06	0.01
0.000861799984705	0.03999999911	1.00E-06	0.01
0.00086199992802	0.03999999911	1.00E-06	0.01
0.000862199929543	0.03999999911	1.00E-06	0.01
0.000862399931066	0.03999999911	1.00E-06	0.01
0.000862599932589	0.03999999911	1.00E-06	0.01
0.000862799934112	0.03999999911	1.00E-06	0.01
0.000862999935634	0.03999999911	1.00E-06	0.01
0.000863199937157	0.03999999911	1.00E-06	0.01
0.00086339993868	0	1.00E-06	0.01
0.000863599940203	0	1.00E-06	0.01
0.000863799941726	0	1.00E-06	0.01
0.000863999943249	0	1.00E-06	0.01
0.000864199944772	0.03999999911	1.00E-06	0.01
0.000864399946295	0.03999999911	1.00E-06	0.01
0.000864599947818	0.03999999911	1.00E-06	0.01
0.000864799949341	0.03999999911	1.00E-06	0.01
0.000864999950863	0	1.00E-06	0.01
0.000865199952386	0	1.00E-06	0.01
0.000865399953909	0	1.00E-06	0.01
0.000865599955432	0	1.00E-06	0.01
0.000865799956955	0	1.00E-06	0.01
0.000865999958478	0	1.00E-06	0.01
0.000866199960001	0.03999999911	1.00E-06	0.01
0.000866399961524	0	1.00E-06	0.01
0.000866599963047	0	1.00E-06	0.01
0.00086679996457	0.03999999911	1.00E-06	0.01
0.000866999966092	0	1.00E-06	0.01
0.000867199967615	0.03999999911	1.00E-06	0.01
0.000867399969138	0	1.00E-06	0.01
0.000867599970661	0	1.00E-06	0.01
0.000867799972184	0	1.00E-06	0.01
0.000867999973707	0.03999999911	1.00E-06	0.01
0.00086819997523	0.03999999911	1.00E-06	0.01
0.000868399976753	0.03999999911	1.00E-06	0.01
0.000868599978276	0.03999999911	1.00E-06	0.01
0.000868799979798	0.03999999911	1.00E-06	0.01
0.000868999981321	0.03999999911	1.00E-06	0.01
0.000869199982844	0.03999999911	1.00E-06	0.01
0.000869399984367	0.03999999911	1.00E-06	0.01
0.000869599927682	0.03999999911	1.00E-06	0.01
0.000869799929205	0	1.00E-06	0.01
0.000869999930728	0.03999999911	1.00E-06	0.01
0.000870199932251	0.03999999911	1.00E-06	0.01
0.000870399933774	0	1.00E-06	0.01
0.000870599935297	0	1.00E-06	0.01
0.00087079993682	0.03999999911	1.00E-06	0.01
0.000870999938343	0.03999999911	1.00E-06	0.01
0.000871199939866	0.03999999911	1.00E-06	0.01
0.000871399941389	0.03999999911	1.00E-06	0.01
0.000871599942911	0.03999999911	1.00E-06	0.01
0.000871799944434	0.03999999911	1.00E-06	0.01
0.000871999945957	0.03999999911	1.00E-06	0.01
0.00087219994748	0.03999999911	1.00E-06	0.01
0.000872399949003	0.03999999911	1.00E-06	0.01
0.000872599950526	0.03999999911	1.00E-06	0.01
0.000872799952049	0.03999999911	1.00E-06	0.01
0.000872999953572	0.03999999911	1.00E-06	0.01
0.000873199955095	0.03999999911	1.00E-06	0.01
0.000873399956618	0.03999999911	1.00E-06	0.01
0.00087359995814	0.03999999911	1.00E-06	0.01
0.000873799959663	0.03999999911	1.00E-06	0.01
0.000873999961186	0.03999999911	1.00E-06	0.01
0.000874199962709	0.03999999911	1.00E-06	0.01
0.000874399964232	0.03999999911	1.00E-06	0.01
0.000874599965755	0.03999999911	1.00E-06	0.01
0.000874799967278	0.03999999911	1.00E-06	0.01
0.000874999968801	0.03999999911	1.00E-06	0.01
0.000875199970324	0.03999999911	1.00E-06	0.01
0.000875399971846	0.03999999911	1.00E-06	0.01
0.000875599973369	0.03999999911	1.00E-06	0.01
0.000875799974892	0.03999999911	1.00E-06	0.01
0.000875999976415	0.03999999911	1.00E-06	0.01
0.000876199977938	0.03999999911	1.00E-06	0.01
0.000876399979461	0.03999999911	1.00E-06	0.01
0.000876599980984	0.03999999911	1.00E-06	0.01
0.000876799982507	0.03999999911	1.00E-06	0.01
0.00087699998403	0.03999999911	1.00E-06	0.01
0.000877199927345	0.03999999911	1.00E-06	0.01
0.000877399928868	0.03999999911	1.00E-06	0.01
0.000877599930391	0.03999999911	1.00E-06	0.01
0.000877799931914	0.03999999911	1.00E-06	0.01
0.000877999933437	0.03999999911	1.00E-06	0.01
0.000878199934959	0.03999999911	1.00E-06	0.01
0.000878399936482	0.03999999911	1.00E-06	0.01
0.000878599938005	0.03999999911	1.00E-06	0.01
0.000878799939528	0.03999999911	1.00E-06	0.01
0.000878999941051	0.03999999911	1.00E-06	0.01
0.000879199942574	0.03999999911	1.00E-06	0.01
0.000879399944097	0.03999999911	1.00E-06	0.01
0.00087959994562	0.03999999911	1.00E-06	0.01
0.000879799947143	0.03999999911	1.00E-06	0.01
0.000879999948665	0.03999999911	1.00E-06	0.01
0.000880199950188	0.03999999911	1.00E-06	0.01
0.000880399951711	0.03999999911	1.00E-06	0.01
0.000880599953234	0.03999999911	1.00E-06	0.01
0.000880799954757	0.03999999911	1.00E-06	0.01
0.00088099995628	0.03999999911	1.00E-06	0.01
0.000881199957803	0.03999999911	1.00E-06	0.01
0.000881399959326	0.03999999911	1.00E-06	0.01
0.000881599960849	0.03999999911	1.00E-06	0.01
0.000881799962372	0.03999999911	1.00E-06	0.01
0.000881999963894	0.03999999911	1.00E-06	0.01
0.000882199965417	0.03999999911	1.00E-06	0.01
0.00088239996694	0.03999999911	1.00E-06	0.01
0.000882599968463	0.03999999911	1.00E-06	0.01
0.000882799969986	0.03999999911	1.00E-06	0.01
0.000882999971509	0.03999999911	1.00E-06	0.01
0.000883199973032	0.03999999911	1.00E-06	0.01
0.000883399974555	0.03999999911	1.00E-06	0.01
0.000883599976078	0.03999999911	1.00E-06	0.01
0.000883799977601	0.03999999911	1.00E-06	0.01
0.000883999979123	0.03999999911	1.00E-06	0.01
0.000884199980646	0.03999999911	1.00E-06	0.01
0.000884399982169	0.03999999911	1.00E-06	0.01
0.000884599983692	0.03999999911	1.00E-06	0.01
0.000884799927007	0.03999999911	1.00E-06	0.01
0.00088499992853	0	1.00E-06	0.01
0.000885199930053	0.03999999911	1.00E-06	0.01
0.000885399931576	0	1.00E-06	0.01
0.000885599933099	0.03999999911	1.00E-06	0.01
0.000885799934622	0.03999999911	1.00E-06	0.01
0.000885999936145	0.03999999911	1.00E-06	0.01
0.000886199937668	0.03999999911	1.00E-06	0.01
0.000886399939191	0.03999999911	1.00E-06	0.01
0.000886599940713	0.03999999911	1.00E-06	0.01
0.000886799942236	0.03999999911	1.00E-06	0.01
0.000886999943759	0.03999999911	1.00E-06	0.01
0.000887199945282	0.03999999911	1.00E-06	0.01
0.000887399946805	0.03999999911	1.00E-06	0.01
0.000887599948328	0.03999999911	1.00E-06	0.01
0.000887799949851	0.03999999911	1.00E-06	0.01
0.000887999951374	0.03999999911	1.00E-06	0.01
0.000888199952897	0.03999999911	1.00E-06	0.01
0.00088839995442	0.03999999911	1.00E-06	0.01
0.000888599955942	0.03999999911	1.00E-06	0.01
0.000888799957465	0.03999999911	1.00E-06	0.01
0.000888999958988	0.03999999911	1.00E-06	0.01
0.000889199960511	0.03999999911	1.00E-06	0.01
0.000889399962034	0.03999999911	1.00E-06	0.01
0.000889599963557	0.03999999911	1.00E-06	0.01
0.00088979996508	0.03999999911	1.00E-06	0.01
0.000889999966603	0.03999999911	1.00E-06	0.01
0.000890199968126	0.03999999911	1.00E-06	0.01
0.000890399969649	0.03999999911	1.00E-06	0.01
0.000890599971171	0.03999999911	1.00E-06	0.01
0.000890799972694	0.03999999911	1.00E-06	0.01
0.000890999974217	0.03999999911	1.00E-06	0.01
0.00089119997574	0.03999999911	1.00E-06	0.01
0.000891399977263	0.03999999911	1.00E-06	0.01
0.000891599978786	0.03999999911	1.00E-06	0.01
0.000891799980309	0.03999999911	1.00E-06	0.01
0.000891999981832	0.03999999911	1.00E-06	0.01
0.000892199983355	0.03999999911	1.00E-06	0.01
0.000892399984878	0.03999999911	1.00E-06	0.01
0.000892599928193	0.03999999911	1.00E-06	0.01
0.000892799929716	0.03999999911	1.00E-06	0.01
0.000892999931239	0.03999999911	1.00E-06	0.01
0.000893199932761	0.03999999911	1.00E-06	0.01
0.000893399934284	0.03999999911	1.00E-06	0.01
0.000893599935807	0.03999999911	1.00E-06	0.01
0.00089379993733	0.03999999911	1.00E-06	0.01
0.000893999938853	0.03999999911	1.00E-06	0.01
0.000894199940376	0.03999999911	1.00E-06	0.01
0.000894399941899	0.03999999911	1.00E-06	0.01
0.000894599943422	0.03999999911	1.00E-06	0.01
0.000894799944945	0.03999999911	1.00E-06	0.01
0.000894999946468	0.03999999911	1.00E-06	0.01
0.00089519994799	0.03999999911	1.00E-06	0.01
0.000895399949513	0.03999999911	1.00E-06	0.01
0.000895599951036	0.03999999911	1.00E-06	0.01
0.000895799952559	0.03999999911	1.00E-06	0.01
0.000895999954082	0.03999999911	1.00E-06	0.01
0.000896199955605	0.03999999911	1.00E-06	0.01
0.000896399957128	0.03999999911	1.00E-06	0.01
0.000896599958651	0.03999999911	1.00E-06	0.01
0.000896799960174	0.03999999911	1.00E-06	0.01
0.000896999961697	0.03999999911	1.00E-06	0.01
0.000897199963219	0.03999999911	1.00E-06	0.01
0.000897399964742	0.03999999911	1.00E-06	0.01
0.000897599966265	0.03999999911	1.00E-06	0.01
0.000897799967788	0.03999999911	1.00E-06	0.01
0.000897999969311	0.03999999911	1.00E-06	0.01
0.000898199970834	0.03999999911	1.00E-06	0.01
0.000898399972357	0.03999999911	1.00E-06	0.01
0.00089859997388	0.03999999911	1.00E-06	0.01
0.000898799975403	0.03999999911	1.00E-06	0.01
0.000898999976926	0.03999999911	1.00E-06	0.01
0.000899199978448	0.03999999911	1.00E-06	0.01
0.000899399979971	0.03999999911	1.00E-06	0.01
0.000899599981494	0.03999999911	1.00E-06	0.01
0.000899799983017	0.03999999911	1.00E-06	0.01
0.00089999998454	0.03999999911	1.00E-06	0.01
0.000900199927855	0.03999999911	1.00E-06	0.01
0.000900399929378	0.03999999911	1.00E-06	0.01
0.000900599930901	0	1.00E-06	0.01
0.000900799932424	0.03999999911	1.00E-06	0.01
0.000900999933947	0.03999999911	1.00E-06	0.01
0.00090119993547	0.03999999911	1.00E-06	0.01
0.000901399936993	0.03999999911	1.00E-06	0.01
0.000901599938516	0.03999999911	1.00E-06	0.01
0.000901799940038	0.03999999911	1.00E-06	0.01
0.000901999941561	0.03999999911	1.00E-06	0.01
0.000902199943084	0.03999999911	1.00E-06	0.01
0.000902399944607	0.03999999911	1.00E-06	0.01
0.00090259994613	0	1.00E-06	0.01
0.000902799947653	0.03999999911	1.00E-06	0.01
0.000902999949176	0.03999999911	1.00E-06	0.01
0.000903199950699	0	1.00E-06	0.01
0.000903399952222	0	1.00E-06	0.01
0.000903599953745	0	1.00E-06	0.01
0.000903799955267	0.03999999911	1.00E-06	0.01
0.00090399995679	0.03999999911	1.00E-06	0.01
0.000904199958313	0.03999999911	1.00E-06	0.01
0.000904399959836	0.03999999911	1.00E-06	0.01
0.000904599961359	0.03999999911	1.00E-06	0.01
0.000904799962882	0.03999999911	1.00E-06	0.01
0.000904999964405	0.03999999911	1.00E-06	0.01
0.000905199965928	0.03999999911	1.00E-06	0.01
0.000905399967451	0.03999999911	1.00E-06	0.01
0.000905599968974	0.03999999911	1.00E-06	0.01
0.000905799970496	0.03999999911	1.00E-06	0.01
0.000905999972019	0	1.00E-06	0.01
0.000906199973542	0	1.00E-06	0.01
0.000906399975065	0	1.00E-06	0.01
0.000906599976588	0	1.00E-06	0.01
0.000906799978111	0	1.00E-06	0.01
0.000906999979634	0	1.00E-06	0.01
0.000907199981157	0.03999999911	1.00E-06	0.01
0.00090739998268	0.03999999911	1.00E-06	0.01
0.000907599984203	0.03999999911	1.00E-06	0.01
0.000907799927518	0.03999999911	1.00E-06	0.01
0.000907999929041	0.03999999911	1.00E-06	0.01
0.000908199930564	0.03999999911	1.00E-06	0.01
0.000908399932086	0.03999999911	1.00E-06	0.01
0.000908599933609	0.03999999911	1.00E-06	0.01
0.000908799935132	0.03999999911	1.00E-06	0.01
0.000908999936655	0.03999999911	1.00E-06	0.01
0.000909199938178	0.03999999911	1.00E-06	0.01
0.000909399939701	0.03999999911	1.00E-06	0.01
0.000909599941224	0.03999999911	1.00E-06	0.01
0.000909799942747	0.03999999911	1.00E-06	0.01
0.00090999994427	0.03999999911	1.00E-06	0.01
0.000910199945793	0.03999999911	1.00E-06	0.01
0.000910399947315	0.03999999911	1.00E-06	0.01
0.000910599948838	0.03999999911	1.00E-06	0.01
0.000910799950361	0.03999999911	1.00E-06	0.01
0.000910999951884	0.03999999911	1.00E-06	0.01
0.000911199953407	0.03999999911	1.00E-06	0.01
0.00091139995493	0.03999999911	1.00E-06	0.01
0.000911599956453	0.03999999911	1.00E-06	0.01
0.000911799957976	0.03999999911	1.00E-06	0.01
0.000911999959499	0.03999999911	1.00E-06	0.01
0.000912199961022	0.03999999911	1.00E-06	0.01
0.000912399962544	0.03999999911	1.00E-06	0.01
0.000912599964067	0.03999999911	1.00E-06	0.01
0.00091279996559	0.03999999911	1.00E-06	0.01
0.000912999967113	0.03999999911	1.00E-06	0.01
0.000913199968636	0.03999999911	1.00E-06	0.01
0.000913399970159	0.03999999911	1.00E-06	0.01
0.000913599971682	0.03999999911	1.00E-06	0.01
0.000913799973205	0.03999999911	1.00E-06	0.01
0.000913999974728	0.03999999911	1.00E-06	0.01
0.000914199976251	0.03999999911	1.00E-06	0.01
0.000914399977773	0.03999999911	1.00E-06	0.01
0.000914599979296	0.03999999911	1.00E-06	0.01
0.000914799980819	0.03999999911	1.00E-06	0.01
0.000914999982342	0.03999999911	1.00E-06	0.01
0.000915199983865	0.03999999911	1.00E-06	0.01
0.000915399985388	0.03999999911	1.00E-06	0.01
0.000915599928703	0.03999999911	1.00E-06	0.01
0.000915799930226	0.03999999911	1.00E-06	0.01
0.000915999931749	0.03999999911	1.00E-06	0.01
0.000916199933272	0.03999999911	1.00E-06	0.01
0.000916399934795	0.03999999911	1.00E-06	0.01
0.000916599936318	0.03999999911	1.00E-06	0.01
0.000916799937841	0.03999999911	1.00E-06	0.01
0.000916999939363	0.03999999911	1.00E-06	0.01
0.000917199940886	0.03999999911	1.00E-06	0.01
0.000917399942409	0.03999999911	1.00E-06	0.01
0.000917599943932	0.03999999911	1.00E-06	0.01
0.000917799945455	0.03999999911	1.00E-06	0.01
0.000917999946978	0.03999999911	1.00E-06	0.01
0.000918199948501	0.03999999911	1.00E-06	0.01
0.000918399950024	0.03999999911	1.00E-06	0.01
0.000918599951547	0.03999999911	1.00E-06	0.01
0.00091879995307	0.03999999911	1.00E-06	0.01
0.000918999954592	0.03999999911	1.00E-06	0.01
0.000919199956115	0.03999999911	1.00E-06	0.01
0.000919399957638	0.03999999911	1.00E-06	0.01
0.000919599959161	0.03999999911	1.00E-06	0.01
0.000919799960684	0.03999999911	1.00E-06	0.01
0.000919999962207	0	1.00E-06	0.01
0.00092019996373	0	1.00E-06	0.01
0.000920399965253	0	1.00E-06	0.01
0.000920599966776	0.03999999911	1.00E-06	0.01
0.000920799968299	0.03999999911	1.00E-06	0.01
0.000920999969821	0	1.00E-06	0.01
0.000921199971344	0.03999999911	1.00E-06	0.01
0.000921399972867	0	1.00E-06	0.01
0.00092159997439	0	1.00E-06	0.01
0.000921799975913	0	1.00E-06	0.01
0.000921999977436	0	1.00E-06	0.01
0.000922199978959	0.03999999911	1.00E-06	0.01
0.000922399980482	0	1.00E-06	0.01
0.000922599982005	0.03999999911	1.00E-06	0.01
0.000922799983528	0	1.00E-06	0.01
0.00092299998505	0	1.00E-06	0.01
0.000923199928366	0.03999999911	1.00E-06	0.01
0.000923399929889	0.03999999911	1.00E-06	0.01
0.000923599931411	0.03999999911	1.00E-06	0.01
0.000923799932934	0.03999999911	1.00E-06	0.01
0.000923999934457	0	1.00E-06	0.01
0.00092419993598	0.03999999911	1.00E-06	0.01
0.000924399937503	0	1.00E-06	0.01
0.000924599939026	0	1.00E-06	0.01
0.000924799940549	0	1.00E-06	0.01
0.000924999942072	0.03999999911	1.00E-06	0.01
0.000925199943595	0.03999999911	1.00E-06	0.01
0.000925399945118	0	1.00E-06	0.01
0.00092559994664	0.03999999911	1.00E-06	0.01
0.000925799948163	0.03999999911	1.00E-06	0.01
0.000925999949686	0.03999999911	1.00E-06	0.01
0.000926199951209	0.03999999911	1.00E-06	0.01
0.000926399952732	0.03999999911	1.00E-06	0.01
0.000926599954255	0.03999999911	1.00E-06	0.01
0.000926799955778	0.03999999911	1.00E-06	0.01
0.000926999957301	0.03999999911	1.00E-06	0.01
0.000927199958824	0.03999999911	1.00E-06	0.01
0.000927399960347	0.03999999911	1.00E-06	0.01
0.000927599961869	0.03999999911	1.00E-06	0.01
0.000927799963392	0.03999999911	1.00E-06	0.01
0.000927999964915	0.03999999911	1.00E-06	0.01
0.000928199966438	0.03999999911	1.00E-06	0.01
0.000928399967961	0.03999999911	1.00E-06	0.01
0.000928599969484	0.03999999911	1.00E-06	0.01
0.000928799971007	0.03999999911	1.00E-06	0.01
0.00092899997253	0.03999999911	1.00E-06	0.01
0.000929199974053	0.03999999911	1.00E-06	0.01
0.000929399975576	0.03999999911	1.00E-06	0.01
0.000929599977098	0.03999999911	1.00E-06	0.01
0.000929799978621	0.03999999911	1.00E-06	0.01
0.000929999980144	0.03999999911	1.00E-06	0.01
0.000930199981667	0.03999999911	1.00E-06	0.01
0.00093039998319	0.03999999911	1.00E-06	0.01
0.000930599984713	0.03999999911	1.00E-06	0.01
0.000930799928028	0.03999999911	1.00E-06	0.01
0.000930999929551	0.03999999911	1.00E-06	0.01
0.000931199931074	0.03999999911	1.00E-06	0.01
0.000931399932597	0.03999999911	1.00E-06	0.01
0.00093159993412	0.03999999911	1.00E-06	0.01
0.000931799935643	0.03999999911	1.00E-06	0.01
0.000931999937166	0.03999999911	1.00E-06	0.01
0.000932199938688	0.03999999911	1.00E-06	0.01
0.000932399940211	0.03999999911	1.00E-06	0.01
0.000932599941734	0.03999999911	1.00E-06	0.01
0.000932799943257	0.03999999911	1.00E-06	0.01
0.00093299994478	0.03999999911	1.00E-06	0.01
0.000933199946303	0.03999999911	1.00E-06	0.01
0.000933399947826	0.03999999911	1.00E-06	0.01
0.000933599949349	0.03999999911	1.00E-06	0.01
0.000933799950872	0.03999999911	1.00E-06	0.01
0.000933999952395	0.03999999911	1.00E-06	0.01
0.000934199953917	0.03999999911	1.00E-06	0.01
0.00093439995544	0.03999999911	1.00E-06	0.01
0.000934599956963	0.03999999911	1.00E-06	0.01
0.000934799958486	0.03999999911	1.00E-06	0.01
0.000934999960009	0.03999999911	1.00E-06	0.01
0.000935199961532	0.03999999911	1.00E-06	0.01
0.000935399963055	0.03999999911	1.00E-06	0.01
0.000935599964578	0.03999999911	1.00E-06	0.01
0.000935799966101	0.03999999911	1.00E-06	0.01
0.000935999967624	0.03999999911	1.00E-06	0.01
0.000936199969146	0.03999999911	1.00E-06	0.01
0.000936399970669	0.03999999911	1.00E-06	0.01
0.000936599972192	0.03999999911	1.00E-06	0.01
0.000936799973715	0.03999999911	1.00E-06	0.01
0.000936999975238	0.03999999911	1.00E-06	0.01
0.000937199976761	0.03999999911	1.00E-06	0.01
0.000937399978284	0.03999999911	1.00E-06	0.01
0.000937599979807	0.03999999911	1.00E-06	0.01
0.00093779998133	0.03999999911	1.00E-06	0.01
0.000937999982852	0.03999999911	1.00E-06	0.01
0.000938199984375	0.03999999911	1.00E-06	0.01
0.000938399927691	0.03999999911	1.00E-06	0.01
0.000938599929214	0.03999999911	1.00E-06	0.01
0.000938799930736	0.03999999911	1.00E-06	0.01
0.000938999932259	0.03999999911	1.00E-06	0.01
0.000939199933782	0.03999999911	1.00E-06	0.01
0.000939399935305	0.03999999911	1.00E-06	0.01
0.000939599936828	0.03999999911	1.00E-06	0.01
0.000939799938351	0	1.00E-06	0.01
0.000939999939874	0	1.00E-06	0.01
0.000940199941397	0	1.00E-06	0.01
0.00094039994292	0.03999999911	1.00E-06	0.01
0.000940599944443	0.03999999911	1.00E-06	0.01
0.000940799945965	0	1.00E-06	0.01
0.000940999947488	0.03999999911	1.00E-06	0.01
0.000941199949011	0	1.00E-06	0.01
0.000941399950534	0.03999999911	1.00E-06	0.01
0.000941599952057	0	1.00E-06	0.01
0.00094179995358	0.03999999911	1.00E-06	0.01
0.000941999955103	0.03999999911	1.00E-06	0.01
0.000942199956626	0.03999999911	1.00E-06	0.01
0.000942399958149	0	1.00E-06	0.01
0.000942599959671	0	1.00E-06	0.01
0.000942799961194	0.03999999911	1.00E-06	0.01
0.000942999962717	0	1.00E-06	0.01
0.00094319996424	0.03999999911	1.00E-06	0.01
0.000943399965763	0.03999999911	1.00E-06	0.01
0.000943599967286	0.03999999911	1.00E-06	0.01
0.000943799968809	0	1.00E-06	0.01
0.000943999970332	0.03999999911	1.00E-06	0.01
0.000944199971855	0.03999999911	1.00E-06	0.01
0.000944399973378	0.03999999911	1.00E-06	0.01
0.0009445999749	0	1.00E-06	0.01
0.000944799976423	0.03999999911	1.00E-06	0.01
0.000944999977946	0.03999999911	1.00E-06	0.01
0.000945199979469	0.03999999911	1.00E-06	0.01
0.000945399980992	0.03999999911	1.00E-06	0.01
0.000945599982515	0.03999999911	1.00E-06	0.01
0.000945799984038	0.03999999911	1.00E-06	0.01
0.000945999985561	0.03999999911	1.00E-06	0.01
0.000946199928876	0.03999999911	1.00E-06	0.01
0.000946399930399	0.03999999911	1.00E-06	0.01
0.000946599931922	0.03999999911	1.00E-06	0.01
0.000946799933445	0.03999999911	1.00E-06	0.01
0.000946999934968	0.03999999911	1.00E-06	0.01
0.000947199936491	0.03999999911	1.00E-06	0.01
0.000947399938013	0.03999999911	1.00E-06	0.01
0.000947599939536	0.03999999911	1.00E-06	0.01
0.000947799941059	0.03999999911	1.00E-06	0.01
0.000947999942582	0.03999999911	1.00E-06	0.01
0.000948199944105	0.03999999911	1.00E-06	0.01
0.000948399945628	0.03999999911	1.00E-06	0.01
0.000948599947151	0.03999999911	1.00E-06	0.01
0.000948799948674	0.03999999911	1.00E-06	0.01
0.000948999950197	0.03999999911	1.00E-06	0.01
0.000949199951719	0.03999999911	1.00E-06	0.01
0.000949399953242	0.03999999911	1.00E-06	0.01
0.000949599954765	0.03999999911	1.00E-06	0.01
0.000949799956288	0.03999999911	1.00E-06	0.01
0.000949999957811	0.03999999911	1.00E-06	0.01
0.000950199959334	0.03999999911	1.00E-06	0.01
0.000950399960857	0.03999999911	1.00E-06	0.01
0.00095059996238	0.03999999911	1.00E-06	0.01
0.000950799963903	0.03999999911	1.00E-06	0.01
0.000950999965426	0.03999999911	1.00E-06	0.01
0.000951199966948	0.03999999911	1.00E-06	0.01
0.000951399968471	0.03999999911	1.00E-06	0.01
0.000951599969994	0.03999999911	1.00E-06	0.01
0.000951799971517	0.03999999911	1.00E-06	0.01
0.00095199997304	0.03999999911	1.00E-06	0.01
0.000952199974563	0.03999999911	1.00E-06	0.01
0.000952399976086	0.03999999911	1.00E-06	0.01
0.000952599977609	0.03999999911	1.00E-06	0.01
0.000952799979132	0.03999999911	1.00E-06	0.01
0.000952999980655	0.03999999911	1.00E-06	0.01
0.000953199982177	0.03999999911	1.00E-06	0.01
0.0009533999837	0.03999999911	1.00E-06	0.01
0.000953599985223	0.03999999911	1.00E-06	0.01
0.000953799928539	0.03999999911	1.00E-06	0.01
0.000953999930061	0.03999999911	1.00E-06	0.01
0.000954199931584	0.03999999911	1.00E-06	0.01
0.000954399933107	0.03999999911	1.00E-06	0.01
0.00095459993463	0.03999999911	1.00E-06	0.01
0.000954799936153	0.03999999911	1.00E-06	0.01
0.000954999937676	0.03999999911	1.00E-06	0.01
0.000955199939199	0.03999999911	1.00E-06	0.01
0.000955399940722	0.03999999911	1.00E-06	0.01
0.000955599942245	0.03999999911	1.00E-06	0.01
0.000955799943767	0	1.00E-06	0.01
0.00095599994529	0.03999999911	1.00E-06	0.01
0.000956199946813	0.03999999911	1.00E-06	0.01
0.000956399948336	0.03999999911	1.00E-06	0.01
0.000956599949859	0.03999999911	1.00E-06	0.01
0.000956799951382	0.03999999911	1.00E-06	0.01
0.000956999952905	0.03999999911	1.00E-06	0.01
0.000957199954428	0.03999999911	1.00E-06	0.01
0.000957399955951	0.03999999911	1.00E-06	0.01
0.000957599957474	0.03999999911	1.00E-06	0.01
0.000957799958996	0	1.00E-06	0.01
0.000957999960519	0.03999999911	1.00E-06	0.01
0.000958199962042	0.03999999911	1.00E-06	0.01
0.000958399963565	0	1.00E-06	0.01
0.000958599965088	0	1.00E-06	0.01
0.000958799966611	0.03999999911	1.00E-06	0.01
0.000958999968134	0.03999999911	1.00E-06	0.01
0.000959199969657	0.03999999911	1.00E-06	0.01
0.00095939997118	0.03999999911	1.00E-06	0.01
0.000959599972703	0.03999999911	1.00E-06	0.01
0.000959799974225	0.03999999911	1.00E-06	0.01
0.000959999975748	0.03999999911	1.00E-06	0.01
0.000960199977271	0.03999999911	1.00E-06	0.01
0.000960399978794	0.03999999911	1.00E-06	0.01
0.000960599980317	0.03999999911	1.00E-06	0.01
0.00096079998184	0.03999999911	1.00E-06	0.01
0.000960999983363	0	1.00E-06	0.01
0.000961199984886	0.03999999911	1.00E-06	0.01
0.000961399928201	0.03999999911	1.00E-06	0.01
0.000961599929724	0	1.00E-06	0.01
0.000961799931247	0	1.00E-06	0.01
0.00096199993277	0	1.00E-06	0.01
0.000962199934293	0.03999999911	1.00E-06	0.01
0.000962399935815	0.03999999911	1.00E-06	0.01
0.000962599937338	0.03999999911	1.00E-06	0.01
0.000962799938861	0.03999999911	1.00E-06	0.01
0.000962999940384	0.03999999911	1.00E-06	0.01
0.000963199941907	0.03999999911	1.00E-06	0.01
0.00096339994343	0.03999999911	1.00E-06	0.01
0.000963599944953	0.03999999911	1.00E-06	0.01
0.000963799946476	0.03999999911	1.00E-06	0.01
0.000963999947999	0.03999999911	1.00E-06	0.01
0.000964199949522	0.03999999911	1.00E-06	0.01
0.000964399951044	0.03999999911	1.00E-06	0.01
0.000964599952567	0.03999999911	1.00E-06	0.01
0.00096479995409	0.03999999911	1.00E-06	0.01
0.000964999955613	0.03999999911	1.00E-06	0.01
0.000965199957136	0.03999999911	1.00E-06	0.01
0.000965399958659	0.03999999911	1.00E-06	0.01
0.000965599960182	0.03999999911	1.00E-06	0.01
0.000965799961705	0.03999999911	1.00E-06	0.01
0.000965999963228	0.03999999911	1.00E-06	0.01
0.000966199964751	0.03999999911	1.00E-06	0.01
0.000966399966273	0.03999999911	1.00E-06	0.01
0.000966599967796	0.03999999911	1.00E-06	0.01
0.000966799969319	0.03999999911	1.00E-06	0.01
0.000966999970842	0.03999999911	1.00E-06	0.01
0.000967199972365	0.03999999911	1.00E-06	0.01
0.000967399973888	0.03999999911	1.00E-06	0.01
0.000967599975411	0.03999999911	1.00E-06	0.01
0.000967799976934	0.03999999911	1.00E-06	0.01
0.000967999978457	0.03999999911	1.00E-06	0.01
0.00096819997998	0.03999999911	1.00E-06	0.01
0.000968399981502	0.03999999911	1.00E-06	0.01
0.000968599983025	0.03999999911	1.00E-06	0.01
0.000968799984548	0.03999999911	1.00E-06	0.01
0.000968999986071	0.03999999911	1.00E-06	0.01
0.000969199929386	0.03999999911	1.00E-06	0.01
0.000969399930909	0.03999999911	1.00E-06	0.01
0.000969599932432	0.03999999911	1.00E-06	0.01
0.000969799933955	0.03999999911	1.00E-06	0.01
0.000969999935478	0.03999999911	1.00E-06	0.01
0.000970199937001	0.03999999911	1.00E-06	0.01
0.000970399938524	0.03999999911	1.00E-06	0.01
0.000970599940047	0.03999999911	1.00E-06	0.01
0.00097079994157	0.03999999911	1.00E-06	0.01
0.000970999943092	0.03999999911	1.00E-06	0.01
0.000971199944615	0.03999999911	1.00E-06	0.01
0.000971399946138	0.03999999911	1.00E-06	0.01
0.000971599947661	0.03999999911	1.00E-06	0.01
0.000971799949184	0.03999999911	1.00E-06	0.01
0.000971999950707	0.03999999911	1.00E-06	0.01
0.00097219995223	0.03999999911	1.00E-06	0.01
0.000972399953753	0.03999999911	1.00E-06	0.01
0.000972599955276	0.03999999911	1.00E-06	0.01
0.000972799956799	0.03999999911	1.00E-06	0.01
0.000972999958321	0.03999999911	1.00E-06	0.01
0.000973199959844	0.03999999911	1.00E-06	0.01
0.000973399961367	0.03999999911	1.00E-06	0.01
0.00097359996289	0.03999999911	1.00E-06	0.01
0.000973799964413	0.03999999911	1.00E-06	0.01
0.000973999965936	0.03999999911	1.00E-06	0.01
0.000974199967459	0.03999999911	1.00E-06	0.01
0.000974399968982	0.03999999911	1.00E-06	0.01
0.000974599970505	0.03999999911	1.00E-06	0.01
0.000974799972028	0.03999999911	1.00E-06	0.01
0.00097499997355	0.03999999911	1.00E-06	0.01
0.000975199975073	0.03999999911	1.00E-06	0.01
0.000975399976596	0.03999999911	1.00E-06	0.01
0.000975599978119	0.03999999911	1.00E-06	0.01
0.000975799979642	0.03999999911	1.00E-06	0.01
0.000975999981165	0.03999999911	1.00E-06	0.01
0.000976199982688	0.03999999911	1.00E-06	0.01
0.000976399984211	0.03999999911	1.00E-06	0.01
0.000976599985734	0.03999999911	1.00E-06	0.01
0.000976799987257	0	1.00E-06	0.01
0.000976999988779	0.03999999911	1.00E-06	0.01
0.000977199990302	0.03999999911	1.00E-06	0.01
0.000977399991825	0.03999999911	1.00E-06	0.01
0.000977599993348	0	1.00E-06	0.01
0.000977799994871	0	1.00E-06	0.01
0.000977999996394	0.03999999911	1.00E-06	0.01
0.000978199997917	0.03999999911	1.00E-06	0.01
0.00097839999944	0.03999999911	1.00E-06	0.01
0.000978600000963	0.03999999911	1.00E-06	0.01
0.000978800002486	0.03999999911	1.00E-06	0.01
0.000979000004008	0.03999999911	1.00E-06	0.01
0.000979200005531	0	1.00E-06	0.01
0.000979400007054	0	1.00E-06	0.01
0.000979600008577	0	1.00E-06	0.01
0.0009798000101	0	1.00E-06	0.01
0.000980000011623	0.03999999911	1.00E-06	0.01
0.000980200013146	0.03999999911	1.00E-06	0.01
0.000980400014669	0.03999999911	1.00E-06	0.01
0.000980599899776	0.03999999911	1.00E-06	0.01
0.000980799901299	0.03999999911	1.00E-06	0.01
0.000980999902822	0.03999999911	1.00E-06	0.01
0.000981199904345	0.03999999911	1.00E-06	0.01
0.000981399905868	0.03999999911	1.00E-06	0.01
0.000981599907391	0.03999999911	1.00E-06	0.01
0.000981799908914	0	1.00E-06	0.01
0.000981999910437	0.03999999911	1.00E-06	0.01
0.000982199911959	0.03999999911	1.00E-06	0.01
0.000982399913482	0	1.00E-06	0.01
0.000982599915005	0	1.00E-06	0.01
0.000982799916528	0.03999999911	1.00E-06	0.01
0.000982999918051	0.03999999911	1.00E-06	0.01
0.000983199919574	0.03999999911	1.00E-06	0.01
0.000983399921097	0.03999999911	1.00E-06	0.01
0.00098359992262	0.03999999911	1.00E-06	0.01
0.000983799924143	0.03999999911	1.00E-06	0.01
0.000983999925666	0.03999999911	1.00E-06	0.01
0.000984199927188	0.03999999911	1.00E-06	0.01
0.000984399928711	0.03999999911	1.00E-06	0.01
0.000984599930234	0.03999999911	1.00E-06	0.01
0.000984799931757	0.03999999911	1.00E-06	0.01
0.00098499993328	0.03999999911	1.00E-06	0.01
0.000985199934803	0.03999999911	1.00E-06	0.01
0.000985399936326	0.03999999911	1.00E-06	0.01
0.000985599937849	0.03999999911	1.00E-06	0.01
0.000985799939372	0.03999999911	1.00E-06	0.01
0.000985999940895	0.03999999911	1.00E-06	0.01
0.000986199942417	0.03999999911	1.00E-06	0.01
0.00098639994394	0.03999999911	1.00E-06	0.01
0.000986599945463	0.03999999911	1.00E-06	0.01
0.000986799946986	0.03999999911	1.00E-06	0.01
0.000986999948509	0.03999999911	1.00E-06	0.01
0.000987199950032	0.03999999911	1.00E-06	0.01
0.000987399951555	0.03999999911	1.00E-06	0.01
0.000987599953078	0.03999999911	1.00E-06	0.01
0.000987799954601	0.03999999911	1.00E-06	0.01
0.000987999956124	0.03999999911	1.00E-06	0.01
0.000988199957646	0.03999999911	1.00E-06	0.01
0.000988399959169	0.03999999911	1.00E-06	0.01
0.000988599960692	0.03999999911	1.00E-06	0.01
0.000988799962215	0.03999999911	1.00E-06	0.01
0.000988999963738	0.03999999911	1.00E-06	0.01
0.000989199965261	0.03999999911	1.00E-06	0.01
0.000989399966784	0.03999999911	1.00E-06	0.01
0.000989599968307	0.03999999911	1.00E-06	0.01
0.00098979996983	0.03999999911	1.00E-06	0.01
0.000989999971353	0.03999999911	1.00E-06	0.01
0.000990199972875	0.03999999911	1.00E-06	0.01
0.000990399974398	0.03999999911	1.00E-06	0.01
0.000990599975921	0.03999999911	1.00E-06	0.01
0.000990799977444	0.03999999911	1.00E-06	0.01
0.000990999978967	0.03999999911	1.00E-06	0.01
0.00099119998049	0.03999999911	1.00E-06	0.01
0.000991399982013	0.03999999911	1.00E-06	0.01
0.000991599983536	0.03999999911	1.00E-06	0.01
0.000991799985059	0.03999999911	1.00E-06	0.01
0.000991999986582	0.03999999911	1.00E-06	0.01
0.000992199988104	0.03999999911	1.00E-06	0.01
0.000992399989627	0.03999999911	1.00E-06	0.01
0.00099259999115	0.03999999911	1.00E-06	0.01
0.000992799992673	0.03999999911	1.00E-06	0.01
0.000992999994196	0.03999999911	1.00E-06	0.01
0.000993199995719	0.03999999911	1.00E-06	0.01
0.000993399997242	0.03999999911	1.00E-06	0.01
0.000993599998765	0.03999999911	1.00E-06	0.01
0.000993800000288	0.03999999911	1.00E-06	0.01
0.00099400000181	0	1.00E-06	0.01
0.000994200003333	0.03999999911	1.00E-06	0.01
0.000994400004856	0.03999999911	1.00E-06	0.01
0.000994600006379	0.03999999911	1.00E-06	0.01
0.000994800007902	0.03999999911	1.00E-06	0.01
0.000995000009425	0.03999999911	1.00E-06	0.01
0.000995200010948	0	1.00E-06	0.01
0.000995400012471	0.03999999911	1.00E-06	0.01
0.000995600013994	0.03999999911	1.00E-06	0.01
0.000995800015517	0.03999999911	1.00E-06	0.01
0.000995999900624	0	1.00E-06	0.01
0.000996199902147	0.03999999911	1.00E-06	0.01
0.00099639990367	0.03999999911	1.00E-06	0.01
0.000996599905193	0	1.00E-06	0.01
0.000996799906716	0.03999999911	1.00E-06	0.01
0.000996999908239	0	1.00E-06	0.01
0.000997199909762	0.03999999911	1.00E-06	0.01
0.000997399911284	0	1.00E-06	0.01
0.000997599912807	0.03999999911	1.00E-06	0.01
0.00099779991433	0.03999999911	1.00E-06	0.01
0.000997999915853	0.03999999911	1.00E-06	0.01
0.000998199917376	0.03999999911	1.00E-06	0.01
0.000998399918899	0.03999999911	1.00E-06	0.01
0.000998599920422	0.03999999911	1.00E-06	0.01
0.000998799921945	0.03999999911	1.00E-06	0.01
0.000998999923468	0	1.00E-06	0.01
0.000999199924991	0	1.00E-06	0.01
0.000999399926513	0	1.00E-06	0.01
0.000999599928036	0	1.00E-06	0.01
0.000999799929559	0	1.00E-06	0.01
0.000999999931082	0	1.00E-06	0.01
0.0010001999	0	1.00E-06	0.01
0.0010003999	0.03999999911	1.00E-06	0.01
0.0010005999	0.03999999911	1.00E-06	0.01
0.0010007999	0.03999999911	1.00E-06	0.01
0.0010009999	0.03999999911	1.00E-06	0.01
0.0010011999	0.03999999911	1.00E-06	0.01
0.0010013999	0.03999999911	1.00E-06	0.01
0.0010015999	0.03999999911	1.00E-06	0.01
0.0010017999	0.03999999911	1.00E-06	0.01
0.0010019999	0.03999999911	1.00E-06	0.01
0.0010021999	0.03999999911	1.00E-06	0.01
0.0010023999	0.03999999911	1.00E-06	0.01
0.0010026	0.03999999911	1.00E-06	0.01
0.0010028	0.03999999911	1.00E-06	0.01
0.001003	0.03999999911	1.00E-06	0.01
0.0010032	0.03999999911	1.00E-06	0.01
0.0010034	0.03999999911	1.00E-06	0.01
0.0010036	0.03999999911	1.00E-06	0.01
0.0010038	0.03999999911	1.00E-06	0.01
0.001004	0.03999999911	1.00E-06	0.01
0.0010042	0.03999999911	1.00E-06	0.01
0.0010044	0.03999999911	1.00E-06	0.01
0.0010046	0.03999999911	1.00E-06	0.01
0.0010048	0.03999999911	1.00E-06	0.01
0.001005	0.03999999911	1.00E-06	0.01
0.0010052	0.03999999911	1.00E-06	0.01
0.0010054	0.03999999911	1.00E-06	0.01
0.0010056	0.03999999911	1.00E-06	0.01
0.0010058	0.03999999911	1.00E-06	0.01
0.001006	0.03999999911	1.00E-06	0.01
0.0010062	0.03999999911	1.00E-06	0.01
0.0010064	0.03999999911	1.00E-06	0.01
0.0010066	0.03999999911	1.00E-06	0.01
0.0010068	0.03999999911	1.00E-06	0.01
0.001007	0.03999999911	1.00E-06	0.01
0.0010072	0.03999999911	1.00E-06	0.01
0.0010074	0.03999999911	1.00E-06	0.01
0.0010076	0.03999999911	1.00E-06	0.01
0.0010078	0.03999999911	1.00E-06	0.01
0.001008	0.03999999911	1.00E-06	0.01
0.0010082	0.03999999911	1.00E-06	0.01
0.0010084	0.03999999911	1.00E-06	0.01
0.0010086	0.03999999911	1.00E-06	0.01
0.0010088	0.03999999911	1.00E-06	0.01
0.001009	0.03999999911	1.00E-06	0.01
0.0010092	0.03999999911	1.00E-06	0.01
0.0010094	0.03999999911	1.00E-06	0.01
0.0010096	0.03999999911	1.00E-06	0.01
0.0010098	0.03999999911	1.00E-06	0.01
0.00101	0.03999999911	1.00E-06	0.01
0.0010102	0.03999999911	1.00E-06	0.01
0.0010104	0.03999999911	1.00E-06	0.01
0.0010106	0.03999999911	1.00E-06	0.01
0.0010108	0.03999999911	1.00E-06	0.01
0.001011	0.03999999911	1.00E-06	0.01
0.0010111999	0.03999999911	1.00E-06	0.01
0.0010113999	0.03999999911	1.00E-06	0.01
0.0010115999	0.03999999911	1.00E-06	0.01
0.0010117999	0.03999999911	1.00E-06	0.01
0.0010119999	0.03999999911	1.00E-06	0.01
0.0010121999	0.03999999911	1.00E-06	0.01
0.0010123999	0	1.00E-06	0.01
0.0010125999	0.03999999911	1.00E-06	0.01
0.0010127999	0	1.00E-06	0.01
0.0010129999	0.03999999911	1.00E-06	0.01
0.0010131999	0.03999999911	1.00E-06	0.01
0.0010133999	0.03999999911	1.00E-06	0.01
0.0010135999	0.03999999911	1.00E-06	0.01
0.0010137999	0.03999999911	1.00E-06	0.01
0.0010139999	0.03999999911	1.00E-06	0.01
0.0010141999	0.03999999911	1.00E-06	0.01
0.0010143999	0.03999999911	1.00E-06	0.01
0.0010145999	0.03999999911	1.00E-06	0.01
0.0010147999	0.03999999911	1.00E-06	0.01
0.0010149999	0	1.00E-06	0.01
0.0010151999	0	1.00E-06	0.01
0.0010153999	0	1.00E-06	0.01
0.0010155999	0	1.00E-06	0.01
0.0010157999	0	1.00E-06	0.01
0.0010159999	0	1.00E-06	0.01
0.0010161999	0.03999999911	1.00E-06	0.01
0.0010163999	0.03999999911	1.00E-06	0.01
0.0010165999	0.03999999911	1.00E-06	0.01
0.0010167999	0.03999999911	1.00E-06	0.01
0.0010169999	0.03999999911	1.00E-06	0.01
0.0010171999	0.03999999911	1.00E-06	0.01
0.0010173999	0.03999999911	1.00E-06	0.01
0.0010175999	0.03999999911	1.00E-06	0.01
0.0010178	0	1.00E-06	0.01
0.001018	0.03999999911	1.00E-06	0.01
0.0010182	0.03999999911	1.00E-06	0.01
0.0010184	0	1.00E-06	0.01
0.0010186	0	1.00E-06	0.01
0.0010188	0.03999999911	1.00E-06	0.01
0.001019	0	1.00E-06	0.01
0.0010192	0	1.00E-06	0.01
0.0010194	0.03999999911	1.00E-06	0.01
0.0010196	0.03999999911	1.00E-06	0.01
0.0010198	0.03999999911	1.00E-06	0.01
0.00102	0.03999999911	1.00E-06	0.01
0.0010202	0.03999999911	1.00E-06	0.01
0.0010204	0	1.00E-06	0.01
0.0010206	0.03999999911	1.00E-06	0.01
0.0010208	0	1.00E-06	0.01
0.001021	0	1.00E-06	0.01
0.0010212	0.03999999911	1.00E-06	0.01
0.0010214	0.03999999911	1.00E-06	0.01
0.0010216	0.03999999911	1.00E-06	0.01
0.0010218	0.03999999911	1.00E-06	0.01
0.001022	0.03999999911	1.00E-06	0.01
0.0010222	0.03999999911	1.00E-06	0.01
0.0010224	0.03999999911	1.00E-06	0.01
0.0010226	0.03999999911	1.00E-06	0.01
0.0010228	0.03999999911	1.00E-06	0.01
0.001023	0.03999999911	1.00E-06	0.01
0.0010232	0.03999999911	1.00E-06	0.01
0.0010234	0.03999999911	1.00E-06	0.01
0.0010236	0.03999999911	1.00E-06	0.01
0.0010238	0.03999999911	1.00E-06	0.01
0.001024	0.03999999911	1.00E-06	0.01
0.0010242	0	1.00E-06	0.01
0.0010244	0	1.00E-06	0.01
0.0010246	0.03999999911	1.00E-06	0.01
0.0010248	0.03999999911	1.00E-06	0.01
0.001025	0.03999999911	1.00E-06	0.01
0.0010252	0.03999999911	1.00E-06	0.01
0.0010254	0.03999999911	1.00E-06	0.01
0.0010256	0.03999999911	1.00E-06	0.01
0.0010258	0.03999999911	1.00E-06	0.01
0.001026	0.03999999911	1.00E-06	0.01
0.0010262	0.03999999911	1.00E-06	0.01
0.0010264	0.03999999911	1.00E-06	0.01
0.0010265999	0.03999999911	1.00E-06	0.01
0.0010267999	0.03999999911	1.00E-06	0.01
0.0010269999	0.03999999911	1.00E-06	0.01
0.0010271999	0.03999999911	1.00E-06	0.01
0.0010273999	0.03999999911	1.00E-06	0.01
0.0010275999	0.03999999911	1.00E-06	0.01
0.0010277999	0.03999999911	1.00E-06	0.01
0.0010279999	0.03999999911	1.00E-06	0.01
0.0010281999	0.03999999911	1.00E-06	0.01
0.0010283999	0.03999999911	1.00E-06	0.01
0.0010285999	0.03999999911	1.00E-06	0.01
0.0010287999	0.03999999911	1.00E-06	0.01
0.0010289999	0.03999999911	1.00E-06	0.01
0.0010291999	0.03999999911	1.00E-06	0.01
0.0010293999	0.03999999911	1.00E-06	0.01
0.0010295999	0.03999999911	1.00E-06	0.01
0.0010297999	0.03999999911	1.00E-06	0.01
0.0010299999	0	1.00E-06	0.01
0.0010301999	0.03999999911	1.00E-06	0.01
0.0010303999	0.03999999911	1.00E-06	0.01
0.0010305999	0	1.00E-06	0.01
0.0010307999	0	1.00E-06	0.01
0.0010309999	0	1.00E-06	0.01
0.0010311999	0.03999999911	1.00E-06	0.01
0.0010313999	0.03999999911	1.00E-06	0.01
0.0010315999	0.03999999911	1.00E-06	0.01
0.0010317999	0	1.00E-06	0.01
0.0010319999	0.03999999911	1.00E-06	0.01
0.0010321999	0.03999999911	1.00E-06	0.01
0.0010323999	0.03999999911	1.00E-06	0.01
0.0010325999	0.03999999911	1.00E-06	0.01
0.0010327999	0.03999999911	1.00E-06	0.01
0.0010329999	0	1.00E-06	0.01
0.0010332	0	1.00E-06	0.01
0.0010334	0	1.00E-06	0.01
0.0010336	0	1.00E-06	0.01
0.0010338	0	1.00E-06	0.01
0.001034	0	1.00E-06	0.01
0.0010342	0	1.00E-06	0.01
0.0010344	0	1.00E-06	0.01
0.0010346	0	1.00E-06	0.01
0.0010348	-0.03999999911	1.00E-06	0.01
0.001035	-0.079999998212	1.00E-06	0.01
0.0010352	-0.1199999973	1.00E-06	0.01
0.0010354	-0.1199999973	1.00E-06	0.01
0.0010356	-0.15999999642	1.00E-06	0.01
0.0010358	-0.19999998808	1.00E-06	0.01
0.001036	-0.19999998808	1.00E-06	0.01
0.0010362	-0.19999998808	1.00E-06	0.01
0.0010364	-0.19999998808	1.00E-06	0.01
0.0010366	-0.23999999464	1.00E-06	0.01
0.0010368	-0.28000000119	1.00E-06	0.01
0.001037	-0.31999999285	1.00E-06	0.01
0.0010372	-0.3599999845	1.00E-06	0.01
0.0010374	-0.39999997616	1.00E-06	0.01
0.0010376	-0.439999997616	1.00E-06	0.01
0.0010378	-0.479999989271	1.00E-06	0.01
0.001038	-0.479999989271	1.00E-06	0.01
0.0010382	-0.479999989271	1.00E-06	0.01
0.0010384	-0.479999989271	1.00E-06	0.01
0.0010386	-0.479999989271	1.00E-06	0.01
0.0010388	-0.519999980927	1.00E-06	0.01
0.001039	-0.560000002384	1.00E-06	0.01
0.0010392	-0.599999964237	1.00E-06	0.01
0.0010394	-0.680000007153	1.00E-06	0.01
0.0010396	-0.759999990463	1.00E-06	0.01
0.0010398	-0.959999978542	1.00E-06	0.01
0.00104	-1.24	1.00E-06	0.01
0.0010402	-1.48	1.00E-06	0.01
0.0010404	-1.6799999	1.00E-06	0.01
0.0010406	-1.8	1.00E-06	0.01
0.0010408	-1.92	1.00E-06	0.01
0.001041	-2.04	1.00E-06	0.01
0.0010412	-2.2	1.00E-06	0.01
0.0010414	-2.24	1.00E-06	0.01
0.0010416	-2.24	1.00E-06	0.01
0.0010417999	-2.24	1.00E-06	0.01
0.0010419999	-2.24	1.00E-06	0.01
0.0010421999	-2.24	1.00E-06	0.01
0.0010423999	-2.28	1.00E-06	0.01
0.0010425999	-2.3199999	1.00E-06	0.01
0.0010427999	-2.3199999	1.00E-06	0.01
0.0010429999	-2.3199999	1.00E-06	0.01
0.0010431999	-2.3199999	1.00E-06	0.01
0.0010433999	-2.28	1.00E-06	0.01
0.0010435999	-2.28	1.00E-06	0.01
0.0010437999	-2.28	1.00E-06	0.01
0.0010439999	-2.28	1.00E-06	0.01
0.0010441999	-2.24	1.00E-06	0.01
0.0010443999	-2.2	1.00E-06	0.01
0.0010445999	-2.1599998	1.00E-06	0.01
0.0010447999	-2.1599998	1.00E-06	0.01
0.0010449999	-2.1199999	1.00E-06	0.01
0.0010451999	-2.0799999	1.00E-06	0.01
0.0010453999	-2.0799999	1.00E-06	0.01
0.0010455999	-2.04	1.00E-06	0.01
0.0010457999	-2	1.00E-06	0.01
0.0010459999	-2	1.00E-06	0.01
0.0010461999	-1.9599999	1.00E-06	0.01
0.0010463999	-1.92	1.00E-06	0.01
0.0010465999	-1.92	1.00E-06	0.01
0.0010467999	-1.88	1.00E-06	0.01
0.0010469999	-1.88	1.00E-06	0.01
0.0010471999	-1.8399999	1.00E-06	0.01
0.0010473999	-1.8399999	1.00E-06	0.01
0.0010475999	-1.8	1.00E-06	0.01
0.0010477999	-1.8	1.00E-06	0.01
0.0010479999	-1.76	1.00E-06	0.01
0.0010481999	-1.76	1.00E-06	0.01
0.0010484	-1.7199999	1.00E-06	0.01
0.0010486	-1.7199999	1.00E-06	0.01
0.0010488	-1.6799999	1.00E-06	0.01
0.001049	-1.6799999	1.00E-06	0.01
0.0010492	-1.64	1.00E-06	0.01
0.0010494	-1.64	1.00E-06	0.01
0.0010496	-1.5999999	1.00E-06	0.01
0.0010498	-1.5999999	1.00E-06	0.01
0.00105	-1.5599999	1.00E-06	0.01
0.0010502	-1.5599999	1.00E-06	0.01
0.0010504	-1.52	1.00E-06	0.01
0.0010506	-1.52	1.00E-06	0.01
0.0010508	-1.52	1.00E-06	0.01
0.001051	-1.48	1.00E-06	0.01
0.0010512	-1.48	1.00E-06	0.01
0.0010514	-1.4399999	1.00E-06	0.01
0.0010516	-1.4399999	1.00E-06	0.01
0.0010518	-1.4	1.00E-06	0.01
0.001052	-1.4	1.00E-06	0.01
0.0010522	-1.4	1.00E-06	0.01
0.0010524	-1.36	1.00E-06	0.01
0.0010526	-1.36	1.00E-06	0.01
0.0010528	-1.3199999	1.00E-06	0.01
0.001053	-1.3199999	1.00E-06	0.01
0.0010532	-1.3199999	1.00E-06	0.01
0.0010534	-1.28	1.00E-06	0.01
0.0010536	-1.28	1.00E-06	0.01
0.0010538	-1.28	1.00E-06	0.01
0.001054	-1.24	1.00E-06	0.01
0.0010542	-1.24	1.00E-06	0.01
0.0010544	-1.24	1.00E-06	0.01
0.0010546	-1.1999999	1.00E-06	0.01
0.0010548	-1.1999999	1.00E-06	0.01
0.001055	-1.1999999	1.00E-06	0.01
0.0010552	-1.16	1.00E-06	0.01
0.0010554	-1.16	1.00E-06	0.01
0.0010556	-1.16	1.00E-06	0.01
0.0010558	-1.12	1.00E-06	0.01
0.001056	-1.12	1.00E-06	0.01
0.0010562	-1.12	1.00E-06	0.01
0.0010564	-1.12	1.00E-06	0.01
0.0010566	-1.0799999	1.00E-06	0.01
0.0010568	-1.0799999	1.00E-06	0.01
0.001057	-1.0799999	1.00E-06	0.01
0.0010571999	-1.0799999	1.00E-06	0.01
0.0010573999	-1.04	1.00E-06	0.01
0.0010575999	-1.04	1.00E-06	0.01
0.0010577999	-1.04	1.00E-06	0.01
0.0010579999	-1	1.00E-06	0.01
0.0010581999	-1	1.00E-06	0.01
0.0010583999	-1	1.00E-06	0.01
0.0010585999	-1	1.00E-06	0.01
0.0010587999	-0.959999978542	1.00E-06	0.01
0.0010589999	-0.959999978542	1.00E-06	0.01
0.0010591999	-0.959999978542	1.00E-06	0.01
0.0010593999	-0.919999957085	1.00E-06	0.01
0.0010595999	-0.919999957085	1.00E-06	0.01
0.0010597999	-0.919999957085	1.00E-06	0.01
0.0010599999	-0.919999957085	1.00E-06	0.01
0.0010601999	-0.919999957085	1.00E-06	0.01
0.0010603999	-0.879999995232	1.00E-06	0.01
0.0010605999	-0.879999995232	1.00E-06	0.01
0.0010607999	-0.879999995232	1.00E-06	0.01
0.0010609999	-0.879999995232	1.00E-06	0.01
0.0010611999	-0.879999995232	1.00E-06	0.01
0.0010613999	-0.839999973774	1.00E-06	0.01
0.0010615999	-0.839999973774	1.00E-06	0.01
0.0010617999	-0.839999973774	1.00E-06	0.01
0.0010619999	-0.839999973774	1.00E-06	0.01
0.0010621999	-0.799999952316	1.00E-06	0.01
0.0010623999	-0.799999952316	1.00E-06	0.01
0.0010625999	-0.799999952316	1.00E-06	0.01
0.0010627999	-0.799999952316	1.00E-06	0.01
0.0010629999	-0.799999952316	1.00E-06	0.01
0.0010631999	-0.759999990463	1.00E-06	0.01
0.0010633999	-0.759999990463	1.00E-06	0.01
0.0010635999	-0.759999990463	1.00E-06	0.01
0.0010638	-0.759999990463	1.00E-06	0.01
0.001064	-0.759999990463	1.00E-06	0.01
0.0010642	-0.719999969006	1.00E-06	0.01
0.0010644	-0.719999969006	1.00E-06	0.01
0.0010646	-0.719999969006	1.00E-06	0.01
0.0010648	-0.719999969006	1.00E-06	0.01
0.001065	-0.719999969006	1.00E-06	0.01
0.0010652	-0.719999969006	1.00E-06	0.01
0.0010654	-0.680000007153	1.00E-06	0.01
0.0010656	-0.680000007153	1.00E-06	0.01
0.0010658	-0.680000007153	1.00E-06	0.01
0.001066	-0.680000007153	1.00E-06	0.01
0.0010662	-0.680000007153	1.00E-06	0.01
0.0010664	-0.680000007153	1.00E-06	0.01
0.0010666	-0.639999985695	1.00E-06	0.01
0.0010668	-0.639999985695	1.00E-06	0.01
0.001067	-0.639999985695	1.00E-06	0.01
0.0010672	-0.639999985695	1.00E-06	0.01
0.0010674	-0.639999985695	1.00E-06	0.01
0.0010676	-0.599999964237	1.00E-06	0.01
0.0010678	-0.599999964237	1.00E-06	0.01
0.001068	-0.599999964237	1.00E-06	0.01
0.0010682	-0.599999964237	1.00E-06	0.01
0.0010684	-0.599999964237	1.00E-06	0.01
0.0010686	-0.599999964237	1.00E-06	0.01
0.0010688	-0.599999964237	1.00E-06	0.01
0.001069	-0.599999964237	1.00E-06	0.01
0.0010692	-0.560000002384	1.00E-06	0.01
0.0010694	-0.560000002384	1.00E-06	0.01
0.0010696	-0.560000002384	1.00E-06	0.01
0.0010698	-0.560000002384	1.00E-06	0.01
0.00107	-0.560000002384	1.00E-06	0.01
0.0010702	-0.560000002384	1.00E-06	0.01
0.0010704	-0.560000002384	1.00E-06	0.01
0.0010706	-0.560000002384	1.00E-06	0.01
0.0010708	-0.519999980927	1.00E-06	0.01
0.001071	-0.519999980927	1.00E-06	0.01
0.0010712	-0.519999980927	1.00E-06	0.01
0.0010714	-0.519999980927	1.00E-06	0.01
0.0010716	-0.519999980927	1.00E-06	0.01
0.0010718	-0.519999980927	1.00E-06	0.01
0.001072	-0.519999980927	1.00E-06	0.01
0.0010722	-0.479999989271	1.00E-06	0.01
0.0010723999	-0.479999989271	1.00E-06	0.01
0.0010725999	-0.479999989271	1.00E-06	0.01
0.0010727999	-0.479999989271	1.00E-06	0.01
0.0010729999	-0.479999989271	1.00E-06	0.01
0.0010731999	-0.479999989271	1.00E-06	0.01
0.0010733999	-0.479999989271	1.00E-06	0.01
0.0010735999	-0.439999997616	1.00E-06	0.01
0.0010737999	-0.439999997616	1.00E-06	0.01
0.0010739999	-0.439999997616	1.00E-06	0.01
0.0010741999	-0.439999997616	1.00E-06	0.01
0.0010743999	-0.439999997616	1.00E-06	0.01
0.0010745999	-0.439999997616	1.00E-06	0.01
0.0010747999	-0.439999997616	1.00E-06	0.01
0.0010749999	-0.439999997616	1.00E-06	0.01
0.0010751999	-0.439999997616	1.00E-06	0.01
0.0010753999	-0.39999997616	1.00E-06	0.01
0.0010755999	-0.39999997616	1.00E-06	0.01
0.0010757999	-0.39999997616	1.00E-06	0.01
0.0010759999	-0.39999997616	1.00E-06	0.01
0.0010761999	-0.39999997616	1.00E-06	0.01
0.0010763999	-0.39999997616	1.00E-06	0.01
0.0010765999	-0.39999997616	1.00E-06	0.01
0.0010767999	-0.39999997616	1.00E-06	0.01
0.0010769999	-0.3599999845	1.00E-06	0.01
0.0010771999	-0.3599999845	1.00E-06	0.01
0.0010773999	-0.3599999845	1.00E-06	0.01
0.0010775999	-0.3599999845	1.00E-06	0.01
0.0010777999	-0.3599999845	1.00E-06	0.01
0.0010779999	-0.3599999845	1.00E-06	0.01
0.0010781999	-0.3599999845	1.00E-06	0.01
0.0010783999	-0.3599999845	1.00E-06	0.01
0.0010785999	-0.3599999845	1.00E-06	0.01
0.0010787999	-0.31999999285	1.00E-06	0.01
0.001079	-0.31999999285	1.00E-06	0.01
0.0010792	-0.31999999285	1.00E-06	0.01
0.0010794	-0.31999999285	1.00E-06	0.01
0.0010796	-0.31999999285	1.00E-06	0.01
0.0010798	-0.31999999285	1.00E-06	0.01
0.00108	-0.31999999285	1.00E-06	0.01
0.0010802	-0.31999999285	1.00E-06	0.01
0.0010804	-0.28000000119	1.00E-06	0.01
0.0010806	-0.28000000119	1.00E-06	0.01
0.0010808	-0.28000000119	1.00E-06	0.01
0.001081	-0.28000000119	1.00E-06	0.01
0.0010812	-0.28000000119	1.00E-06	0.01
0.0010814	-0.28000000119	1.00E-06	0.01
0.0010816	-0.28000000119	1.00E-06	0.01
0.0010818	-0.28000000119	1.00E-06	0.01
0.001082	-0.23999999464	1.00E-06	0.01
0.0010822	-0.23999999464	1.00E-06	0.01
0.0010824	-0.23999999464	1.00E-06	0.01
0.0010826	-0.23999999464	1.00E-06	0.01
0.0010828	-0.23999999464	1.00E-06	0.01
0.001083	-0.23999999464	1.00E-06	0.01
0.0010832	-0.23999999464	1.00E-06	0.01
0.0010834	-0.23999999464	1.00E-06	0.01
0.0010836	-0.23999999464	1.00E-06	0.01
0.0010838	-0.23999999464	1.00E-06	0.01
0.001084	-0.23999999464	1.00E-06	0.01
0.0010842	-0.23999999464	1.00E-06	0.01
0.0010844	-0.23999999464	1.00E-06	0.01
0.0010846	-0.19999998808	1.00E-06	0.01
0.0010848	-0.19999998808	1.00E-06	0.01
0.001085	-0.19999998808	1.00E-06	0.01
0.0010852	-0.19999998808	1.00E-06	0.01
0.0010854	-0.19999998808	1.00E-06	0.01
0.0010856	-0.19999998808	1.00E-06	0.01
0.0010858	-0.19999998808	1.00E-06	0.01
0.001086	-0.19999998808	1.00E-06	0.01
0.0010862	-0.19999998808	1.00E-06	0.01
0.0010864	-0.19999998808	1.00E-06	0.01
0.0010866	-0.19999998808	1.00E-06	0.01
0.0010868	-0.19999998808	1.00E-06	0.01
0.001087	-0.19999998808	1.00E-06	0.01
0.0010872	-0.15999999642	1.00E-06	0.01
0.0010874	-0.15999999642	1.00E-06	0.01
0.0010876	-0.15999999642	1.00E-06	0.01
0.0010877999	-0.15999999642	1.00E-06	0.01
0.0010879999	-0.15999999642	1.00E-06	0.01
0.0010881999	-0.15999999642	1.00E-06	0.01
0.0010883999	-0.15999999642	1.00E-06	0.01
0.0010885999	-0.15999999642	1.00E-06	0.01
0.0010887999	-0.15999999642	1.00E-06	0.01
0.0010889999	-0.15999999642	1.00E-06	0.01
0.0010891999	-0.15999999642	1.00E-06	0.01
0.0010893999	-0.15999999642	1.00E-06	0.01
0.0010895999	-0.15999999642	1.00E-06	0.01
0.0010897999	-0.15999999642	1.00E-06	0.01
0.0010899999	-0.15999999642	1.00E-06	0.01
0.0010901999	-0.1199999973	1.00E-06	0.01
0.0010903999	-0.1199999973	1.00E-06	0.01
0.0010905999	-0.1199999973	1.00E-06	0.01
0.0010907999	-0.1199999973	1.00E-06	0.01
0.0010909999	-0.1199999973	1.00E-06	0.01
0.0010911999	-0.1199999973	1.00E-06	0.01
0.0010913999	-0.1199999973	1.00E-06	0.01
0.0010915999	-0.1199999973	1.00E-06	0.01
0.0010917999	-0.1199999973	1.00E-06	0.01
0.0010919999	-0.1199999973	1.00E-06	0.01
0.0010921999	-0.1199999973	1.00E-06	0.01
0.0010923999	-0.1199999973	1.00E-06	0.01
0.0010925999	-0.1199999973	1.00E-06	0.01
0.0010927999	-0.1199999973	1.00E-06	0.01
0.0010929999	-0.1199999973	1.00E-06	0.01
0.0010931999	-0.1199999973	1.00E-06	0.01
0.0010933999	-0.1199999973	1.00E-06	0.01
0.0010935999	-0.079999998212	1.00E-06	0.01
0.0010937999	-0.079999998212	1.00E-06	0.01
0.0010939999	-0.079999998212	1.00E-06	0.01
0.0010941999	-0.079999998212	1.00E-06	0.01
0.0010944	-0.079999998212	1.00E-06	0.01
0.0010946	-0.079999998212	1.00E-06	0.01
0.0010948	-0.079999998212	1.00E-06	0.01
0.001095	-0.079999998212	1.00E-06	0.01
0.0010952	-0.079999998212	1.00E-06	0.01
0.0010954	-0.079999998212	1.00E-06	0.01
0.0010956	-0.079999998212	1.00E-06	0.01
0.0010958	-0.079999998212	1.00E-06	0.01
0.001096	-0.079999998212	1.00E-06	0.01
0.0010962	-0.079999998212	1.00E-06	0.01
0.0010964	-0.079999998212	1.00E-06	0.01
0.0010966	-0.079999998212	1.00E-06	0.01
0.0010968	-0.079999998212	1.00E-06	0.01
0.001097	-0.079999998212	1.00E-06	0.01
0.0010972	-0.079999998212	1.00E-06	0.01
0.0010974	-0.079999998212	1.00E-06	0.01
0.0010976	-0.03999999911	1.00E-06	0.01
0.0010978	-0.079999998212	1.00E-06	0.01
0.001098	-0.03999999911	1.00E-06	0.01
0.0010982	-0.03999999911	1.00E-06	0.01
0.0010984	-0.079999998212	1.00E-06	0.01
0.0010986	-0.03999999911	1.00E-06	0.01
0.0010988	-0.03999999911	1.00E-06	0.01
0.001099	-0.03999999911	1.00E-06	0.01
0.0010992	-0.03999999911	1.00E-06	0.01
0.0010994	-0.03999999911	1.00E-06	0.01
0.0010996	-0.03999999911	1.00E-06	0.01
0.0010998	-0.03999999911	1.00E-06	0.01
0.0011	-0.03999999911	1.00E-06	0.01
0.0011002	-0.03999999911	1.00E-06	0.01
0.0011004	-0.03999999911	1.00E-06	0.01
0.0011006	-0.03999999911	1.00E-06	0.01
0.0011008	-0.03999999911	1.00E-06	0.01
0.001101	-0.03999999911	1.00E-06	0.01
0.0011012	-0.03999999911	1.00E-06	0.01
0.0011014	-0.03999999911	1.00E-06	0.01
0.0011016	-0.03999999911	1.00E-06	0.01
0.0011018	-0.03999999911	1.00E-06	0.01
0.001102	-0.03999999911	1.00E-06	0.01
0.0011022	-0.03999999911	1.00E-06	0.01
0.0011024	-0.03999999911	1.00E-06	0.01
0.0011026	-0.03999999911	1.00E-06	0.01
0.0011028	-0.03999999911	1.00E-06	0.01
0.0011029999	-0.03999999911	1.00E-06	0.01
0.0011031999	-0.03999999911	1.00E-06	0.01
0.0011033999	-0.03999999911	1.00E-06	0.01
0.0011035999	-0.03999999911	1.00E-06	0.01
0.0011037999	-0.03999999911	1.00E-06	0.01
0.0011039999	-0.03999999911	1.00E-06	0.01
0.0011041999	-0.03999999911	1.00E-06	0.01
0.0011043999	-0.03999999911	1.00E-06	0.01
0.0011045999	-0.03999999911	1.00E-06	0.01
0.0011047999	-0.03999999911	1.00E-06	0.01
0.0011049999	-0.03999999911	1.00E-06	0.01
0.0011051999	-0.03999999911	1.00E-06	0.01
0.0011053999	-0.03999999911	1.00E-06	0.01
0.0011055999	-0.03999999911	1.00E-06	0.01
0.0011057999	-0.03999999911	1.00E-06	0.01
0.0011059999	-0.03999999911	1.00E-06	0.01
0.0011061999	-0.03999999911	1.00E-06	0.01
0.0011063999	-0.03999999911	1.00E-06	0.01
0.0011065999	-0.03999999911	1.00E-06	0.01
0.0011067999	-0.03999999911	1.00E-06	0.01
0.0011069999	-0.03999999911	1.00E-06	0.01
0.0011071999	-0.03999999911	1.00E-06	0.01
0.0011073999	-0.03999999911	1.00E-06	0.01
0.0011075999	-0.03999999911	1.00E-06	0.01
0.0011077999	-0.03999999911	1.00E-06	0.01
0.0011079999	-0.03999999911	1.00E-06	0.01
0.0011081999	-0.03999999911	1.00E-06	0.01
0.0011083999	-0.03999999911	1.00E-06	0.01
0.0011085999	-0.03999999911	1.00E-06	0.01
0.0011087999	-0.03999999911	1.00E-06	0.01
0.0011089999	-0.03999999911	1.00E-06	0.01
0.0011091999	-0.03999999911	1.00E-06	0.01
0.0011093999	-0.03999999911	1.00E-06	0.01
0.0011096	-0.03999999911	1.00E-06	0.01
0.0011098	-0.03999999911	1.00E-06	0.01
0.00111	-0.03999999911	1.00E-06	0.01
0.0011102	-0.03999999911	1.00E-06	0.01
0.0011104	-0.03999999911	1.00E-06	0.01
0.0011106	-0.03999999911	1.00E-06	0.01
0.0011108	-0.03999999911	1.00E-06	0.01
0.001111	-0.03999999911	1.00E-06	0.01
0.0011112	-0.03999999911	1.00E-06	0.01
0.0011114	-0.03999999911	1.00E-06	0.01
0.0011116	-0.03999999911	1.00E-06	0.01
0.0011118	-0.03999999911	1.00E-06	0.01
0.001112	-0.03999999911	1.00E-06	0.01
0.0011122	-0.03999999911	1.00E-06	0.01
0.0011124	-0.03999999911	1.00E-06	0.01
0.0011126	-0.03999999911	1.00E-06	0.01
0.0011128	-0.03999999911	1.00E-06	0.01
0.001113	-0.03999999911	1.00E-06	0.01
0.0011132	-0.03999999911	1.00E-06	0.01
0.0011134	-0.03999999911	1.00E-06	0.01
0.0011136	-0.03999999911	1.00E-06	0.01
0.0011138	-0.03999999911	1.00E-06	0.01
0.001114	-0.03999999911	1.00E-06	0.01
0.0011142	-0.03999999911	1.00E-06	0.01
0.0011144	-0.03999999911	1.00E-06	0.01
0.0011146	-0.03999999911	1.00E-06	0.01
0.0011148	-0.03999999911	1.00E-06	0.01
0.001115	-0.03999999911	1.00E-06	0.01
0.0011152	-0.03999999911	1.00E-06	0.01
0.0011154	-0.03999999911	1.00E-06	0.01
0.0011156	-0.03999999911	1.00E-06	0.01
0.0011158	-0.03999999911	1.00E-06	0.01
0.001116	-0.03999999911	1.00E-06	0.01
0.0011162	-0.03999999911	1.00E-06	0.01
0.0011164	-0.03999999911	1.00E-06	0.01
0.0011166	-0.03999999911	1.00E-06	0.01
0.0011168	-0.03999999911	1.00E-06	0.01
0.001117	-0.03999999911	1.00E-06	0.01
0.0011172	-0.03999999911	1.00E-06	0.01
0.0011174	-0.03999999911	1.00E-06	0.01
0.0011176	-0.03999999911	1.00E-06	0.01
0.0011178	-0.03999999911	1.00E-06	0.01
0.001118	-0.03999999911	1.00E-06	0.01
0.0011182	-0.03999999911	1.00E-06	0.01
0.0011183999	-0.03999999911	1.00E-06	0.01
0.0011185999	-0.03999999911	1.00E-06	0.01
0.0011187999	-0.03999999911	1.00E-06	0.01
0.0011189999	-0.03999999911	1.00E-06	0.01
0.0011191999	-0.03999999911	1.00E-06	0.01
0.0011193999	-0.03999999911	1.00E-06	0.01
0.0011195999	-0.03999999911	1.00E-06	0.01
0.0011197999	-0.03999999911	1.00E-06	0.01
0.0011199999	-0.03999999911	1.00E-06	0.01
0.0011201999	-0.03999999911	1.00E-06	0.01
0.0011203999	-0.03999999911	1.00E-06	0.01
0.0011205999	-0.03999999911	1.00E-06	0.01
0.0011207999	-0.03999999911	1.00E-06	0.01
0.0011209999	-0.03999999911	1.00E-06	0.01
0.0011211999	-0.03999999911	1.00E-06	0.01
0.0011213999	-0.03999999911	1.00E-06	0.01
0.0011215999	-0.03999999911	1.00E-06	0.01
0.0011217999	-0.03999999911	1.00E-06	0.01
0.0011219999	-0.03999999911	1.00E-06	0.01
0.0011221999	-0.03999999911	1.00E-06	0.01
0.0011223999	-0.03999999911	1.00E-06	0.01
0.0011225999	-0.03999999911	1.00E-06	0.01
0.0011227999	-0.03999999911	1.00E-06	0.01
0.0011229999	-0.03999999911	1.00E-06	0.01
0.0011231999	-0.03999999911	1.00E-06	0.01
0.0011233999	-0.03999999911	1.00E-06	0.01
0.0011235999	-0.03999999911	1.00E-06	0.01
0.0011237999	-0.03999999911	1.00E-06	0.01
0.0011239999	-0.03999999911	1.00E-06	0.01
0.0011241999	-0.03999999911	1.00E-06	0.01
0.0011243999	-0.03999999911	1.00E-06	0.01
0.0011245999	-0.03999999911	1.00E-06	0.01
0.0011248	-0.03999999911	1.00E-06	0.01
0.001125	-0.03999999911	1.00E-06	0.01
0.0011252	-0.03999999911	1.00E-06	0.01
0.0011254	-0.03999999911	1.00E-06	0.01
0.0011256	-0.03999999911	1.00E-06	0.01
0.0011258	-0.03999999911	1.00E-06	0.01
0.001126	-0.03999999911	1.00E-06	0.01
0.0011262	-0.03999999911	1.00E-06	0.01
0.0011264	-0.03999999911	1.00E-06	0.01
0.0011266	-0.03999999911	1.00E-06	0.01
0.0011268	-0.03999999911	1.00E-06	0.01
0.001127	-0.03999999911	1.00E-06	0.01
0.0011272	-0.03999999911	1.00E-06	0.01
0.0011274	-0.03999999911	1.00E-06	0.01
0.0011276	-0.03999999911	1.00E-06	0.01
0.0011278	-0.03999999911	1.00E-06	0.01
0.001128	-0.03999999911	1.00E-06	0.01
0.0011282	-0.03999999911	1.00E-06	0.01
0.0011284	-0.03999999911	1.00E-06	0.01
0.0011286	-0.03999999911	1.00E-06	0.01
0.0011288	-0.03999999911	1.00E-06	0.01
0.001129	-0.03999999911	1.00E-06	0.01
0.0011292	-0.03999999911	1.00E-06	0.01
0.0011294	-0.03999999911	1.00E-06	0.01
0.0011296	-0.03999999911	1.00E-06	0.01
0.0011298	-0.03999999911	1.00E-06	0.01
0.00113	-0.03999999911	1.00E-06	0.01
0.0011302	-0.03999999911	1.00E-06	0.01
0.0011304	-0.03999999911	1.00E-06	0.01
0.0011306	-0.03999999911	1.00E-06	0.01
0.0011308	-0.03999999911	1.00E-06	0.01
0.001131	-0.03999999911	1.00E-06	0.01
0.0011312	-0.03999999911	1.00E-06	0.01
0.0011314	-0.03999999911	1.00E-06	0.01
0.0011316	-0.03999999911	1.00E-06	0.01
0.0011318	-0.03999999911	1.00E-06	0.01
0.001132	-0.03999999911	1.00E-06	0.01
0.0011322	-0.03999999911	1.00E-06	0.01
0.0011324	-0.03999999911	1.00E-06	0.01
0.0011326	-0.03999999911	1.00E-06	0.01
0.0011328	-0.03999999911	1.00E-06	0.01
0.001133	-0.03999999911	1.00E-06	0.01
0.0011332	-0.03999999911	1.00E-06	0.01
0.0011334	-0.03999999911	1.00E-06	0.01
0.0011336	-0.03999999911	1.00E-06	0.01
0.0011337999	-0.03999999911	1.00E-06	0.01
0.0011339999	-0.03999999911	1.00E-06	0.01
0.0011341999	-0.03999999911	1.00E-06	0.01
0.0011343999	-0.03999999911	1.00E-06	0.01
0.0011345999	-0.03999999911	1.00E-06	0.01
0.0011347999	-0.03999999911	1.00E-06	0.01
0.0011349999	-0.03999999911	1.00E-06	0.01
0.0011351999	0	1.00E-06	0.01
0.0011353999	0	1.00E-06	0.01
0.0011355999	-0.03999999911	1.00E-06	0.01
0.0011357999	0	1.00E-06	0.01
0.0011359999	-0.03999999911	1.00E-06	0.01
0.0011361999	-0.03999999911	1.00E-06	0.01
0.0011363999	0	1.00E-06	0.01
0.0011365999	0	1.00E-06	0.01
0.0011367999	0	1.00E-06	0.01
0.0011369999	0	1.00E-06	0.01
0.0011371999	0	1.00E-06	0.01
0.0011373999	0	1.00E-06	0.01
0.0011375999	0	1.00E-06	0.01
0.0011377999	0	1.00E-06	0.01
0.0011379999	0	1.00E-06	0.01
0.0011381999	0	1.00E-06	0.01
0.0011383999	0	1.00E-06	0.01
0.0011385999	0	1.00E-06	0.01
0.0011387999	0	1.00E-06	0.01
0.0011389999	0	1.00E-06	0.01
0.0011391999	0	1.00E-06	0.01
0.0011393999	0	1.00E-06	0.01
0.0011395999	0	1.00E-06	0.01
0.0011397999	0	1.00E-06	0.01
0.0011399999	0	1.00E-06	0.01
0.0011402	0	1.00E-06	0.01
0.0011404	0	1.00E-06	0.01
0.0011406	0	1.00E-06	0.01
0.0011408	0	1.00E-06	0.01
0.001141	0	1.00E-06	0.01
0.0011412	0	1.00E-06	0.01
0.0011414	0	1.00E-06	0.01
0.0011416	0	1.00E-06	0.01
0.0011418	0	1.00E-06	0.01
0.001142	0	1.00E-06	0.01
0.0011422	0	1.00E-06	0.01
0.0011424	0	1.00E-06	0.01
0.0011426	0	1.00E-06	0.01
0.0011428	0	1.00E-06	0.01
0.001143	0	1.00E-06	0.01
0.0011432	0	1.00E-06	0.01
0.0011434	0	1.00E-06	0.01
0.0011436	0	1.00E-06	0.01
0.0011438	0	1.00E-06	0.01
0.001144	0	1.00E-06	0.01
0.0011442	0	1.00E-06	0.01
0.0011444	0	1.00E-06	0.01
0.0011446	0	1.00E-06	0.01
0.0011448	0	1.00E-06	0.01
0.001145	0	1.00E-06	0.01
0.0011452	0	1.00E-06	0.01
0.0011454	0	1.00E-06	0.01
0.0011456	0	1.00E-06	0.01
0.0011458	0	1.00E-06	0.01
0.001146	0	1.00E-06	0.01
0.0011462	0	1.00E-06	0.01
0.0011464	0	1.00E-06	0.01
0.0011466	0	1.00E-06	0.01
0.0011468	0	1.00E-06	0.01
0.001147	0	1.00E-06	0.01
0.0011472	0	1.00E-06	0.01
0.0011474	0	1.00E-06	0.01
0.0011476	0	1.00E-06	0.01
0.0011478	0	1.00E-06	0.01
0.001148	0	1.00E-06	0.01
0.0011482	0	1.00E-06	0.01
0.0011484	0	1.00E-06	0.01
0.0011486	0	1.00E-06	0.01
0.0011488	0	1.00E-06	0.01
0.0011489999	0	1.00E-06	0.01
0.0011491999	0	1.00E-06	0.01
0.0011493999	0	1.00E-06	0.01
0.0011495999	0	1.00E-06	0.01
0.0011497999	0	1.00E-06	0.01
0.0011499999	0.03999999911	1.00E-06	0.01
0.0011501999	0.03999999911	1.00E-06	0.01
0.0011503999	0.03999999911	1.00E-06	0.01
0.0011505999	0.03999999911	1.00E-06	0.01
0.0011507999	0.03999999911	1.00E-06	0.01
0.0011509999	0	1.00E-06	0.01
0.0011511999	0.03999999911	1.00E-06	0.01
0.0011513999	0.03999999911	1.00E-06	0.01
0.0011515999	0.03999999911	1.00E-06	0.01
0.0011517999	0.03999999911	1.00E-06	0.01
0.0011519999	0.03999999911	1.00E-06	0.01
0.0011521999	0.03999999911	1.00E-06	0.01
0.0011523999	0	1.00E-06	0.01
0.0011525999	0.03999999911	1.00E-06	0.01
0.0011527999	0.03999999911	1.00E-06	0.01
0.0011529999	0.03999999911	1.00E-06	0.01
0.0011531999	0.03999999911	1.00E-06	0.01
0.0011533999	0.03999999911	1.00E-06	0.01
0.0011535999	0.03999999911	1.00E-06	0.01
0.0011537999	0.03999999911	1.00E-06	0.01
0.0011539999	0.03999999911	1.00E-06	0.01
0.0011541999	0.03999999911	1.00E-06	0.01
0.0011543999	0.03999999911	1.00E-06	0.01
0.0011545999	0.03999999911	1.00E-06	0.01
0.0011547999	0.03999999911	1.00E-06	0.01
0.0011549999	0.03999999911	1.00E-06	0.01
0.0011551999	0.03999999911	1.00E-06	0.01
0.0011554	0.03999999911	1.00E-06	0.01
0.0011556	0.03999999911	1.00E-06	0.01
0.0011558	0.03999999911	1.00E-06	0.01
0.001156	0.03999999911	1.00E-06	0.01
0.0011562	0.03999999911	1.00E-06	0.01
0.0011564	0.03999999911	1.00E-06	0.01
0.0011566	0.03999999911	1.00E-06	0.01
0.0011568	0.03999999911	1.00E-06	0.01
0.001157	0.03999999911	1.00E-06	0.01
0.0011572	0.03999999911	1.00E-06	0.01
0.0011574	0.03999999911	1.00E-06	0.01
0.0011576	0.03999999911	1.00E-06	0.01
0.0011578	0.03999999911	1.00E-06	0.01
0.001158	0.03999999911	1.00E-06	0.01
0.0011582	0.03999999911	1.00E-06	0.01
0.0011584	0.03999999911	1.00E-06	0.01
0.0011586	0.03999999911	1.00E-06	0.01
0.0011588	0.03999999911	1.00E-06	0.01
0.001159	0.03999999911	1.00E-06	0.01
0.0011592	0.03999999911	1.00E-06	0.01
0.0011594	0.03999999911	1.00E-06	0.01
0.0011596	0.03999999911	1.00E-06	0.01
0.0011598	0.03999999911	1.00E-06	0.01
0.00116	0.03999999911	1.00E-06	0.01
0.0011602	0.03999999911	1.00E-06	0.01
0.0011604	0.03999999911	1.00E-06	0.01
0.0011606	0.03999999911	1.00E-06	0.01
0.0011608	0.03999999911	1.00E-06	0.01
0.001161	0.03999999911	1.00E-06	0.01
0.0011612	0.03999999911	1.00E-06	0.01
0.0011614	0.03999999911	1.00E-06	0.01
0.0011616	0.03999999911	1.00E-06	0.01
0.0011618	0.03999999911	1.00E-06	0.01
0.001162	0.03999999911	1.00E-06	0.01
0.0011622	0.03999999911	1.00E-06	0.01
0.0011624	0.03999999911	1.00E-06	0.01
0.0011626	0.03999999911	1.00E-06	0.01
0.0011628	0.03999999911	1.00E-06	0.01
0.001163	0.03999999911	1.00E-06	0.01
0.0011632	0.03999999911	1.00E-06	0.01
0.0011634	0.03999999911	1.00E-06	0.01
0.0011636	0.03999999911	1.00E-06	0.01
0.0011638	0.03999999911	1.00E-06	0.01
0.001164	0.03999999911	1.00E-06	0.01
0.0011642	0	1.00E-06	0.01
0.0011643999	0.03999999911	1.00E-06	0.01
0.0011645999	0	1.00E-06	0.01
0.0011647999	0.03999999911	1.00E-06	0.01
0.0011649999	0.03999999911	1.00E-06	0.01
0.0011651999	0.03999999911	1.00E-06	0.01
0.0011653999	0	1.00E-06	0.01
0.0011655999	0	1.00E-06	0.01
0.0011657999	0.03999999911	1.00E-06	0.01
0.0011659999	0.03999999911	1.00E-06	0.01
0.0011661999	0	1.00E-06	0.01
0.0011663999	0	1.00E-06	0.01
0.0011665999	0.03999999911	1.00E-06	0.01
0.0011667999	0	1.00E-06	0.01
0.0011669999	0	1.00E-06	0.01
0.0011671999	0	1.00E-06	0.01
0.0011673999	0	1.00E-06	0.01
0.0011675999	0	1.00E-06	0.01
0.0011677999	0	1.00E-06	0.01
0.0011679999	0	1.00E-06	0.01
0.0011681999	0	1.00E-06	0.01
0.0011683999	0	1.00E-06	0.01
0.0011685999	0	1.00E-06	0.01
0.0011687999	0	1.00E-06	0.01
0.0011689999	0	1.00E-06	0.01
0.0011691999	0	1.00E-06	0.01
0.0011693999	0	1.00E-06	0.01
0.0011695999	0	1.00E-06	0.01
0.0011697999	0	1.00E-06	0.01
0.0011699999	0	1.00E-06	0.01
0.0011701999	0	1.00E-06	0.01
0.0011703999	0	1.00E-06	0.01
0.0011705999	0	1.00E-06	0.01
0.0011708	0	1.00E-06	0.01
0.001171	0	1.00E-06	0.01
0.0011712	0	1.00E-06	0.01
0.0011714	0	1.00E-06	0.01
0.0011716	0	1.00E-06	0.01
0.0011718	0	1.00E-06	0.01
0.001172	0	1.00E-06	0.01
0.0011722	0	1.00E-06	0.01
0.0011724	0	1.00E-06	0.01
0.0011726	0	1.00E-06	0.01
0.0011728	0	1.00E-06	0.01
0.001173	0	1.00E-06	0.01
0.0011732	0	1.00E-06	0.01
0.0011734	0	1.00E-06	0.01
0.0011736	0	1.00E-06	0.01
0.0011738	0	1.00E-06	0.01
0.001174	0	1.00E-06	0.01
0.0011742	0	1.00E-06	0.01
0.0011744	0	1.00E-06	0.01
0.0011746	0	1.00E-06	0.01
0.0011748	0	1.00E-06	0.01
0.001175	0	1.00E-06	0.01
0.0011752	0	1.00E-06	0.01
0.0011754	0	1.00E-06	0.01
0.0011756	0	1.00E-06	0.01
0.0011758	0	1.00E-06	0.01
0.001176	0	1.00E-06	0.01
0.0011762	0	1.00E-06	0.01
0.0011764	0	1.00E-06	0.01
0.0011766	0	1.00E-06	0.01
0.0011768	0	1.00E-06	0.01
0.001177	0	1.00E-06	0.01
0.0011772	0	1.00E-06	0.01
0.0011774	0	1.00E-06	0.01
0.0011776	0	1.00E-06	0.01
0.0011778	0	1.00E-06	0.01
0.001178	0	1.00E-06	0.01
0.0011782	0	1.00E-06	0.01
0.0011784	0	1.00E-06	0.01
0.0011786	0	1.00E-06	0.01
0.0011788	0	1.00E-06	0.01
0.001179	0	1.00E-06	0.01
0.0011792	0	1.00E-06	0.01
0.0011794	0	1.00E-06	0.01
0.0011795999	0	1.00E-06	0.01
0.0011797999	0	1.00E-06	0.01
0.0011799999	0	1.00E-06	0.01
0.0011801999	0	1.00E-06	0.01
0.0011803999	0	1.00E-06	0.01
0.0011805999	0	1.00E-06	0.01
0.0011807999	0	1.00E-06	0.01
0.0011809999	0	1.00E-06	0.01
0.0011811999	0	1.00E-06	0.01
0.0011813999	0	1.00E-06	0.01
0.0011815999	0	1.00E-06	0.01
0.0011817999	0	1.00E-06	0.01
0.0011819999	0	1.00E-06	0.01
0.0011821999	0	1.00E-06	0.01
0.0011823999	0	1.00E-06	0.01
0.0011825999	0	1.00E-06	0.01
0.0011827999	0	1.00E-06	0.01
0.0011829999	0	1.00E-06	0.01
0.0011831999	0	1.00E-06	0.01
0.0011833999	0	1.00E-06	0.01
0.0011835999	0	1.00E-06	0.01
0.0011837999	0	1.00E-06	0.01
0.0011839999	0	1.00E-06	0.01
0.0011841999	0	1.00E-06	0.01
0.0011843999	0	1.00E-06	0.01
0.0011845999	0	1.00E-06	0.01
0.0011847999	0	1.00E-06	0.01
0.0011849999	0	1.00E-06	0.01
0.0011851999	0	1.00E-06	0.01
0.0011853999	0	1.00E-06	0.01
0.0011855999	0	1.00E-06	0.01
0.0011857999	0	1.00E-06	0.01
0.001186	0	1.00E-06	0.01
0.0011862	0	1.00E-06	0.01
0.0011864	0	1.00E-06	0.01
0.0011866	0	1.00E-06	0.01
0.0011868	0	1.00E-06	0.01
0.001187	0	1.00E-06	0.01
0.0011872	0	1.00E-06	0.01
0.0011874	0	1.00E-06	0.01
0.0011876	0	1.00E-06	0.01
0.0011878	0	1.00E-06	0.01
0.001188	0	1.00E-06	0.01
0.0011882	0	1.00E-06	0.01
0.0011884	0	1.00E-06	0.01
0.0011886	0	1.00E-06	0.01
0.0011888	0	1.00E-06	0.01
0.001189	0	1.00E-06	0.01
0.0011892	0	1.00E-06	0.01
0.0011894	0	1.00E-06	0.01
0.0011896	0	1.00E-06	0.01
0.0011898	0	1.00E-06	0.01
0.00119	0	1.00E-06	0.01
0.0011902	0	1.00E-06	0.01
0.0011904	0	1.00E-06	0.01
0.0011906	0	1.00E-06	0.01
0.0011908	0	1.00E-06	0.01
0.001191	0	1.00E-06	0.01
0.0011912	0	1.00E-06	0.01
0.0011914	0	1.00E-06	0.01
0.0011916	0	1.00E-06	0.01
0.0011918	0	1.00E-06	0.01
0.001192	0	1.00E-06	0.01
0.0011922	0	1.00E-06	0.01
0.0011924	0	1.00E-06	0.01
0.0011926	0	1.00E-06	0.01
0.0011928	0	1.00E-06	0.01
0.001193	0	1.00E-06	0.01
0.0011932	0	1.00E-06	0.01
0.0011934	0	1.00E-06	0.01
0.0011936	0	1.00E-06	0.01
0.0011938	0	1.00E-06	0.01
0.001194	0	1.00E-06	0.01
0.0011942	0	1.00E-06	0.01
0.0011944	0	1.00E-06	0.01
0.0011946	0	1.00E-06	0.01
0.0011948	0	1.00E-06	0.01
0.0011949999	0	1.00E-06	0.01
0.0011951999	0	1.00E-06	0.01
0.0011953999	0	1.00E-06	0.01
0.0011955999	0	1.00E-06	0.01
0.0011957999	0	1.00E-06	0.01
0.0011959999	0	1.00E-06	0.01
0.0011961999	0	1.00E-06	0.01
0.0011963999	0	1.00E-06	0.01
0.0011965999	0	1.00E-06	0.01
0.0011967999	0	1.00E-06	0.01
0.0011969999	0	1.00E-06	0.01
0.0011971999	0	1.00E-06	0.01
0.0011973999	0	1.00E-06	0.01
0.0011975999	0	1.00E-06	0.01
0.0011977999	0	1.00E-06	0.01
0.0011979999	0.03999999911	1.00E-06	0.01
0.0011981999	0.03999999911	1.00E-06	0.01
0.0011983999	0	1.00E-06	0.01
0.0011985999	0	1.00E-06	0.01
0.0011987999	0	1.00E-06	0.01
0.0011989999	0	1.00E-06	0.01
0.0011991999	0	1.00E-06	0.01
0.0011993999	0	1.00E-06	0.01
0.0011995999	0	1.00E-06	0.01
0.0011997999	0	1.00E-06	0.01
0.0011999999	0	1.00E-06	0.01
0.0012001999	0	1.00E-06	0.01
0.0012003999	0	1.00E-06	0.01
0.0012005999	0	1.00E-06	0.01
0.0012007999	0.03999999911	1.00E-06	0.01
0.0012009999	0	1.00E-06	0.01
0.0012011999	0	1.00E-06	0.01
0.0012014	0.03999999911	1.00E-06	0.01
0.0012016	0	1.00E-06	0.01
0.0012018	0	1.00E-06	0.01
0.001202	0	1.00E-06	0.01
0.0012022	0	1.00E-06	0.01
0.0012024	0	1.00E-06	0.01
0.0012026	0	1.00E-06	0.01
0.0012028	0	1.00E-06	0.01
0.001203	0	1.00E-06	0.01
0.0012032	0	1.00E-06	0.01
0.0012034	0	1.00E-06	0.01
0.0012036	0	1.00E-06	0.01
0.0012038	0	1.00E-06	0.01
0.001204	0	1.00E-06	0.01
0.0012042	0	1.00E-06	0.01
0.0012044	0	1.00E-06	0.01
0.0012046	0	1.00E-06	0.01
0.0012048	0.03999999911	1.00E-06	0.01
0.001205	0	1.00E-06	0.01
0.0012052	0.03999999911	1.00E-06	0.01
0.0012054	0.03999999911	1.00E-06	0.01
0.0012056	0	1.00E-06	0.01
0.0012058	0	1.00E-06	0.01
0.001206	0.03999999911	1.00E-06	0.01
0.0012062	0	1.00E-06	0.01
0.0012064	0	1.00E-06	0.01
0.0012066	0	1.00E-06	0.01
0.0012068	0	1.00E-06	0.01
0.001207	0	1.00E-06	0.01
0.0012072	0	1.00E-06	0.01
0.0012074	0	1.00E-06	0.01
0.0012076	0	1.00E-06	0.01
0.0012078	0.03999999911	1.00E-06	0.01
0.001208	0.03999999911	1.00E-06	0.01
0.0012082	0	1.00E-06	0.01
0.0012084	0.03999999911	1.00E-06	0.01
0.0012086	0.03999999911	1.00E-06	0.01
0.0012088	0.03999999911	1.00E-06	0.01
0.001209	0.03999999911	1.00E-06	0.01
0.0012092	0.03999999911	1.00E-06	0.01
0.0012094	0.03999999911	1.00E-06	0.01
0.0012096	0.03999999911	1.00E-06	0.01
0.0012098	0	1.00E-06	0.01
0.00121	0	1.00E-06	0.01
0.0012101999	0	1.00E-06	0.01
0.0012103999	0	1.00E-06	0.01
0.0012105999	0	1.00E-06	0.01
0.0012107999	0.03999999911	1.00E-06	0.01
0.0012109999	0.03999999911	1.00E-06	0.01
0.0012111999	0.03999999911	1.00E-06	0.01
0.0012113999	0.03999999911	1.00E-06	0.01
0.0012115999	0.03999999911	1.00E-06	0.01
0.0012117999	0.03999999911	1.00E-06	0.01
0.0012119999	0.03999999911	1.00E-06	0.01
0.0012121999	0.03999999911	1.00E-06	0.01
0.0012123999	0.03999999911	1.00E-06	0.01
0.0012125999	0.03999999911	1.00E-06	0.01
0.0012127999	0.03999999911	1.00E-06	0.01
0.0012129999	0.03999999911	1.00E-06	0.01
0.0012131999	0.03999999911	1.00E-06	0.01
0.0012133999	0.03999999911	1.00E-06	0.01
0.0012135999	0.03999999911	1.00E-06	0.01
0.0012137999	0.03999999911	1.00E-06	0.01
0.0012139999	0.03999999911	1.00E-06	0.01
0.0012141999	0.03999999911	1.00E-06	0.01
0.0012143999	0.03999999911	1.00E-06	0.01
0.0012145999	0.03999999911	1.00E-06	0.01
0.0012147999	0.03999999911	1.00E-06	0.01
0.0012149999	0.03999999911	1.00E-06	0.01
0.0012151999	0.03999999911	1.00E-06	0.01
0.0012153999	0.03999999911	1.00E-06	0.01
0.0012155999	0.03999999911	1.00E-06	0.01
0.0012157999	0.03999999911	1.00E-06	0.01
0.0012159999	0.03999999911	1.00E-06	0.01
0.0012161999	0.03999999911	1.00E-06	0.01
0.0012163999	0.03999999911	1.00E-06	0.01
0.0012166	0.03999999911	1.00E-06	0.01
0.0012168	0.03999999911	1.00E-06	0.01
0.001217	0.03999999911	1.00E-06	0.01
0.0012172	0.03999999911	1.00E-06	0.01
0.0012174	0.03999999911	1.00E-06	0.01
0.0012176	0.03999999911	1.00E-06	0.01
0.0012178	0.03999999911	1.00E-06	0.01
0.001218	0.03999999911	1.00E-06	0.01
0.0012182	0.03999999911	1.00E-06	0.01
0.0012184	0.03999999911	1.00E-06	0.01
0.0012186	0.03999999911	1.00E-06	0.01
0.0012188	0	1.00E-06	0.01
0.001219	0	1.00E-06	0.01
0.0012192	0.03999999911	1.00E-06	0.01
0.0012194	0	1.00E-06	0.01
0.0012196	0.03999999911	1.00E-06	0.01
0.0012198	0.03999999911	1.00E-06	0.01
0.00122	0.03999999911	1.00E-06	0.01
0.0012202	0.03999999911	1.00E-06	0.01
0.0012204	0.03999999911	1.00E-06	0.01
0.0012206	0.03999999911	1.00E-06	0.01
0.0012208	0.03999999911	1.00E-06	0.01
0.001221	0.03999999911	1.00E-06	0.01
0.0012212	0.03999999911	1.00E-06	0.01
0.0012214	0.03999999911	1.00E-06	0.01
0.0012216	0	1.00E-06	0.01
0.0012218	0	1.00E-06	0.01
0.001222	0	1.00E-06	0.01
0.0012222	0	1.00E-06	0.01
0.0012224	0	1.00E-06	0.01
0.0012226	0	1.00E-06	0.01
0.0012228	0	1.00E-06	0.01
0.001223	0.03999999911	1.00E-06	0.01
0.0012232	0	1.00E-06	0.01
0.0012234	0	1.00E-06	0.01
0.0012236	0	1.00E-06	0.01
0.0012238	0	1.00E-06	0.01
0.001224	0	1.00E-06	0.01
0.0012242	0	1.00E-06	0.01
0.0012244	0.03999999911	1.00E-06	0.01
0.0012246	0	1.00E-06	0.01
0.0012248	0	1.00E-06	0.01
0.001225	0	1.00E-06	0.01
0.0012252	0	1.00E-06	0.01
0.0012254	0	1.00E-06	0.01
0.0012255999	0	1.00E-06	0.01
0.0012257999	0	1.00E-06	0.01
0.0012259999	0	1.00E-06	0.01
0.0012261999	0	1.00E-06	0.01
0.0012263999	0	1.00E-06	0.01
0.0012265999	0	1.00E-06	0.01
0.0012267999	0	1.00E-06	0.01
0.0012269999	0	1.00E-06	0.01
0.0012271999	0	1.00E-06	0.01
0.0012273999	0	1.00E-06	0.01
0.0012275999	0	1.00E-06	0.01
0.0012277999	0	1.00E-06	0.01
0.0012279999	0	1.00E-06	0.01
0.0012281999	0	1.00E-06	0.01
0.0012283999	0	1.00E-06	0.01
0.0012285999	0	1.00E-06	0.01
0.0012287999	0	1.00E-06	0.01
0.0012289999	0	1.00E-06	0.01
0.0012291999	0	1.00E-06	0.01
0.0012293999	0	1.00E-06	0.01
0.0012295999	0	1.00E-06	0.01
0.0012297999	0	1.00E-06	0.01
0.0012299999	0	1.00E-06	0.01
0.0012301999	0	1.00E-06	0.01
0.0012303999	0	1.00E-06	0.01
0.0012305999	0	1.00E-06	0.01
0.0012307999	0	1.00E-06	0.01
0.0012309999	0	1.00E-06	0.01
0.0012311999	0	1.00E-06	0.01
0.0012313999	0	1.00E-06	0.01
0.0012315999	0	1.00E-06	0.01
0.0012317999	0	1.00E-06	0.01
0.001232	0	1.00E-06	0.01
0.0012322	0	1.00E-06	0.01
0.0012324	0	1.00E-06	0.01
0.0012326	0	1.00E-06	0.01
0.0012328	0	1.00E-06	0.01
0.001233	0	1.00E-06	0.01
0.0012332	0	1.00E-06	0.01
0.0012334	0	1.00E-06	0.01
0.0012336	0	1.00E-06	0.01
0.0012338	0	1.00E-06	0.01
0.001234	0	1.00E-06	0.01
0.0012342	0	1.00E-06	0.01
0.0012344	0	1.00E-06	0.01
0.0012346	0	1.00E-06	0.01
0.0012348	0	1.00E-06	0.01
0.001235	0	1.00E-06	0.01
0.0012352	0	1.00E-06	0.01
0.0012354	0	1.00E-06	0.01
0.0012356	0	1.00E-06	0.01
0.0012358	0	1.00E-06	0.01
0.001236	0	1.00E-06	0.01
0.0012362	0	1.00E-06	0.01
0.0012364	0	1.00E-06	0.01
0.0012366	0	1.00E-06	0.01
0.0012368	0	1.00E-06	0.01
0.001237	0	1.00E-06	0.01
0.0012372	0	1.00E-06	0.01
0.0012374	0	1.00E-06	0.01
0.0012376	0	1.00E-06	0.01
0.0012378	0	1.00E-06	0.01
0.001238	0	1.00E-06	0.01
0.0012382	0	1.00E-06	0.01
0.0012384	0	1.00E-06	0.01
0.0012386	0	1.00E-06	0.01
0.0012388	0	1.00E-06	0.01
0.001239	0	1.00E-06	0.01
0.0012392	0	1.00E-06	0.01
0.0012394	0	1.00E-06	0.01
0.0012396	0	1.00E-06	0.01
0.0012398	0	1.00E-06	0.01
0.00124	0	1.00E-06	0.01
0.0012402	0	1.00E-06	0.01
0.0012404	0	1.00E-06	0.01
0.0012406	0	1.00E-06	0.01
0.0012408	0	1.00E-06	0.01
0.0012409999	0	1.00E-06	0.01
0.0012411999	0	1.00E-06	0.01
0.0012413999	0	1.00E-06	0.01
0.0012415999	0	1.00E-06	0.01
0.0012417999	0	1.00E-06	0.01
0.0012419999	0	1.00E-06	0.01
0.0012421999	0	1.00E-06	0.01
0.0012423999	0	1.00E-06	0.01
0.0012425999	0	1.00E-06	0.01
0.0012427999	0	1.00E-06	0.01
0.0012429999	0	1.00E-06	0.01
0.0012431999	0	1.00E-06	0.01
0.0012433999	0	1.00E-06	0.01
0.0012435999	0	1.00E-06	0.01
0.0012437999	0	1.00E-06	0.01
0.0012439999	0	1.00E-06	0.01
0.0012441999	0	1.00E-06	0.01
0.0012443999	0	1.00E-06	0.01
0.0012445999	0	1.00E-06	0.01
0.0012447999	0	1.00E-06	0.01
0.0012449999	0	1.00E-06	0.01
0.0012451999	0	1.00E-06	0.01
0.0012453999	0	1.00E-06	0.01
0.0012455999	0	1.00E-06	0.01
0.0012457999	0	1.00E-06	0.01
0.0012459999	0	1.00E-06	0.01
0.0012461999	0	1.00E-06	0.01
0.0012463999	0	1.00E-06	0.01
0.0012465999	0	1.00E-06	0.01
0.0012467999	0	1.00E-06	0.01
0.0012469999	0	1.00E-06	0.01
0.0012472	0	1.00E-06	0.01
0.0012474	0	1.00E-06	0.01
0.0012476	0	1.00E-06	0.01
0.0012478	0	1.00E-06	0.01
0.001248	0	1.00E-06	0.01
0.0012482	0	1.00E-06	0.01
0.0012484	0	1.00E-06	0.01
0.0012486	0	1.00E-06	0.01
0.0012488	0	1.00E-06	0.01
0.001249	0	1.00E-06	0.01
0.0012492	0	1.00E-06	0.01
0.0012494	0	1.00E-06	0.01
0.0012496	0	1.00E-06	0.01
0.0012498	0	1.00E-06	0.01
0.00125	0	1.00E-06	0.01
0.0012502	0	1.00E-06	0.01
0.0012504	0	1.00E-06	0.01
0.0012506	0	1.00E-06	0.01
0.0012508	0	1.00E-06	0.01
0.001251	0	1.00E-06	0.01
0.0012512	0	1.00E-06	0.01
0.0012514	0	1.00E-06	0.01
0.0012516	0	1.00E-06	0.01
0.0012518	0	1.00E-06	0.01
0.001252	0	1.00E-06	0.01
0.0012522	0	1.00E-06	0.01
0.0012524	0	1.00E-06	0.01
0.0012526	0	1.00E-06	0.01
0.0012528	0	1.00E-06	0.01
0.001253	0.03999999911	1.00E-06	0.01
0.0012532	0	1.00E-06	0.01
0.0012534	0	1.00E-06	0.01
0.0012536	0	1.00E-06	0.01
0.0012538	0	1.00E-06	0.01
0.001254	0	1.00E-06	0.01
0.0012542	0	1.00E-06	0.01
0.0012544	0	1.00E-06	0.01
0.0012546	0.03999999911	1.00E-06	0.01
0.0012548	0	1.00E-06	0.01
0.001255	0	1.00E-06	0.01
0.0012552	0	1.00E-06	0.01
0.0012554	0	1.00E-06	0.01
0.0012556	0.03999999911	1.00E-06	0.01
0.0012558	0	1.00E-06	0.01
0.001256	0.03999999911	1.00E-06	0.01
0.0012561999	0.03999999911	1.00E-06	0.01
0.0012563999	0	1.00E-06	0.01
0.0012565999	0	1.00E-06	0.01
0.0012567999	0	1.00E-06	0.01
0.0012569999	0	1.00E-06	0.01
0.0012571999	0	1.00E-06	0.01
0.0012573999	0	1.00E-06	0.01
0.0012575999	0	1.00E-06	0.01
0.0012577999	0	1.00E-06	0.01
0.0012579999	0	1.00E-06	0.01
0.0012581999	0	1.00E-06	0.01
0.0012583999	0	1.00E-06	0.01
0.0012585999	0	1.00E-06	0.01
0.0012587999	0	1.00E-06	0.01
0.0012589999	0	1.00E-06	0.01
0.0012591999	0	1.00E-06	0.01
0.0012593999	0	1.00E-06	0.01
0.0012595999	0	1.00E-06	0.01
0.0012597999	0	1.00E-06	0.01
0.0012599999	0	1.00E-06	0.01
0.0012601999	0	1.00E-06	0.01
0.0012603999	0	1.00E-06	0.01
0.0012605999	0	1.00E-06	0.01
0.0012607999	0.03999999911	1.00E-06	0.01
0.0012609999	0	1.00E-06	0.01
0.0012611999	0	1.00E-06	0.01
0.0012613999	0	1.00E-06	0.01
0.0012615999	0	1.00E-06	0.01
0.0012617999	0	1.00E-06	0.01
0.0012619999	0	1.00E-06	0.01
0.0012621999	0	1.00E-06	0.01
0.0012624	0	1.00E-06	0.01
0.0012626	0	1.00E-06	0.01
0.0012628	0	1.00E-06	0.01
0.001263	0	1.00E-06	0.01
0.0012632	0	1.00E-06	0.01
0.0012634	0	1.00E-06	0.01
0.0012636	0.03999999911	1.00E-06	0.01
0.0012638	0.03999999911	1.00E-06	0.01
0.001264	0.03999999911	1.00E-06	0.01
0.0012642	0.03999999911	1.00E-06	0.01
0.0012644	0.03999999911	1.00E-06	0.01
0.0012646	0	1.00E-06	0.01
0.0012648	0	1.00E-06	0.01
0.001265	0	1.00E-06	0.01
0.0012652	0	1.00E-06	0.01
0.0012654	0	1.00E-06	0.01
0.0012656	0	1.00E-06	0.01
0.0012658	0	1.00E-06	0.01
0.001266	0	1.00E-06	0.01
0.0012662	0	1.00E-06	0.01
0.0012664	0	1.00E-06	0.01
0.0012666	0.03999999911	1.00E-06	0.01
0.0012668	0.03999999911	1.00E-06	0.01
0.001267	0.03999999911	1.00E-06	0.01
0.0012672	0.03999999911	1.00E-06	0.01
0.0012674	0.03999999911	1.00E-06	0.01
0.0012676	0.03999999911	1.00E-06	0.01
0.0012678	0.03999999911	1.00E-06	0.01
0.001268	0.03999999911	1.00E-06	0.01
0.0012682	0.03999999911	1.00E-06	0.01
0.0012684	0	1.00E-06	0.01
0.0012686	0	1.00E-06	0.01
0.0012688	0	1.00E-06	0.01
0.001269	0	1.00E-06	0.01
0.0012692	0	1.00E-06	0.01
0.0012694	0.03999999911	1.00E-06	0.01
0.0012696	0.03999999911	1.00E-06	0.01
0.0012698	0.03999999911	1.00E-06	0.01
0.00127	0.03999999911	1.00E-06	0.01
0.0012702	0.03999999911	1.00E-06	0.01
0.0012704	0.03999999911	1.00E-06	0.01
0.0012706	0.03999999911	1.00E-06	0.01
0.0012708	0.03999999911	1.00E-06	0.01
0.001271	0.03999999911	1.00E-06	0.01
0.0012712	0.03999999911	1.00E-06	0.01
0.0012714	0.03999999911	1.00E-06	0.01
0.0012715999	0.03999999911	1.00E-06	0.01
0.0012717999	0	1.00E-06	0.01
0.0012719999	0.03999999911	1.00E-06	0.01
0.0012721999	0	1.00E-06	0.01
0.0012723999	0	1.00E-06	0.01
0.0012725999	0.03999999911	1.00E-06	0.01
0.0012727999	0.03999999911	1.00E-06	0.01
0.0012729999	0.03999999911	1.00E-06	0.01
0.0012731999	0.03999999911	1.00E-06	0.01
0.0012733999	0.03999999911	1.00E-06	0.01
0.0012735999	0.03999999911	1.00E-06	0.01
0.0012737999	0.03999999911	1.00E-06	0.01
0.0012739999	0.03999999911	1.00E-06	0.01
0.0012741999	0.03999999911	1.00E-06	0.01
0.0012743999	0.03999999911	1.00E-06	0.01
0.0012745999	0	1.00E-06	0.01
0.0012747999	0.03999999911	1.00E-06	0.01
0.0012749999	0.03999999911	1.00E-06	0.01
0.0012751999	0	1.00E-06	0.01
0.0012753999	0.03999999911	1.00E-06	0.01
0.0012755999	0.03999999911	1.00E-06	0.01
0.0012757999	0.03999999911	1.00E-06	0.01
0.0012759999	0.03999999911	1.00E-06	0.01
0.0012761999	0.03999999911	1.00E-06	0.01
0.0012763999	0.03999999911	1.00E-06	0.01
0.0012765999	0.03999999911	1.00E-06	0.01
0.0012767999	0.03999999911	1.00E-06	0.01
0.0012769999	0.03999999911	1.00E-06	0.01
0.0012771999	0.03999999911	1.00E-06	0.01
0.0012773999	0	1.00E-06	0.01
0.0012775999	0	1.00E-06	0.01
0.0012778	0	1.00E-06	0.01
0.001278	0	1.00E-06	0.01
0.0012782	0	1.00E-06	0.01
0.0012784	0	1.00E-06	0.01
0.0012786	0	1.00E-06	0.01
0.0012788	0	1.00E-06	0.01
0.001279	0	1.00E-06	0.01
0.0012792	0	1.00E-06	0.01
0.0012794	0.03999999911	1.00E-06	0.01
0.0012796	0	1.00E-06	0.01
0.0012798	0	1.00E-06	0.01
0.00128	0.03999999911	1.00E-06	0.01
0.0012802	0	1.00E-06	0.01
0.0012804	0	1.00E-06	0.01
0.0012806	0	1.00E-06	0.01
0.0012808	0	1.00E-06	0.01
0.001281	0	1.00E-06	0.01
0.0012812	0	1.00E-06	0.01
0.0012814	0	1.00E-06	0.01
0.0012816	0	1.00E-06	0.01
0.0012818	0	1.00E-06	0.01
0.001282	0	1.00E-06	0.01
0.0012822	0	1.00E-06	0.01
0.0012824	0	1.00E-06	0.01
0.0012826	0	1.00E-06	0.01
0.0012828	0	1.00E-06	0.01
0.001283	0	1.00E-06	0.01
0.0012832	0	1.00E-06	0.01
0.0012834	0	1.00E-06	0.01
0.0012836	0	1.00E-06	0.01
0.0012838	0	1.00E-06	0.01
0.001284	0	1.00E-06	0.01
0.0012842	0	1.00E-06	0.01
0.0012844	0	1.00E-06	0.01
0.0012846	0	1.00E-06	0.01
0.0012848	0	1.00E-06	0.01
0.001285	0	1.00E-06	0.01
0.0012852	0	1.00E-06	0.01
0.0012854	0	1.00E-06	0.01
0.0012856	0	1.00E-06	0.01
0.0012858	0	1.00E-06	0.01
0.001286	0	1.00E-06	0.01
0.0012862	0	1.00E-06	0.01
0.0012864	0	1.00E-06	0.01
0.0012866	0.03999999911	1.00E-06	0.01
0.0012867999	0	1.00E-06	0.01
0.0012869999	0	1.00E-06	0.01
0.0012871999	0	1.00E-06	0.01
0.0012873999	0	1.00E-06	0.01
0.0012875999	0	1.00E-06	0.01
0.0012877999	0	1.00E-06	0.01
0.0012879999	0	1.00E-06	0.01
0.0012881999	0	1.00E-06	0.01
0.0012883999	0	1.00E-06	0.01
0.0012885999	0	1.00E-06	0.01
0.0012887999	0	1.00E-06	0.01
0.0012889999	0	1.00E-06	0.01
0.0012891999	0	1.00E-06	0.01
0.0012893999	0	1.00E-06	0.01
0.0012895999	0	1.00E-06	0.01
0.0012897999	0	1.00E-06	0.01
0.0012899999	0	1.00E-06	0.01
0.0012901999	0	1.00E-06	0.01
0.0012903999	0	1.00E-06	0.01
0.0012905999	0	1.00E-06	0.01
0.0012907999	0	1.00E-06	0.01
0.0012909999	0	1.00E-06	0.01
0.0012911999	0	1.00E-06	0.01
0.0012913999	0	1.00E-06	0.01
0.0012915999	0	1.00E-06	0.01
0.0012917999	0	1.00E-06	0.01
0.0012919999	0	1.00E-06	0.01
0.0012921999	0	1.00E-06	0.01
0.0012923999	0	1.00E-06	0.01
0.0012925999	0.03999999911	1.00E-06	0.01
0.0012927999	0	1.00E-06	0.01
0.001293	0	1.00E-06	0.01
0.0012932	0	1.00E-06	0.01
0.0012934	0	1.00E-06	0.01
0.0012936	0	1.00E-06	0.01
0.0012938	0	1.00E-06	0.01
0.001294	0	1.00E-06	0.01
0.0012942	0	1.00E-06	0.01
0.0012944	0	1.00E-06	0.01
0.0012946	0	1.00E-06	0.01
0.0012948	0	1.00E-06	0.01
0.001295	0	1.00E-06	0.01
0.0012952	0	1.00E-06	0.01
0.0012954	0	1.00E-06	0.01
0.0012956	0	1.00E-06	0.01
0.0012958	0	1.00E-06	0.01
0.001296	0	1.00E-06	0.01
0.0012962	0	1.00E-06	0.01
0.0012964	0	1.00E-06	0.01
0.0012966	0	1.00E-06	0.01
0.0012968	0	1.00E-06	0.01
0.001297	0	1.00E-06	0.01
0.0012972	0	1.00E-06	0.01
0.0012974	0	1.00E-06	0.01
0.0012976	0	1.00E-06	0.01
0.0012978	0	1.00E-06	0.01
0.001298	0	1.00E-06	0.01
0.0012982	0	1.00E-06	0.01
0.0012984	0	1.00E-06	0.01
0.0012986	0	1.00E-06	0.01
0.0012988	0	1.00E-06	0.01
0.001299	0	1.00E-06	0.01
0.0012992	0	1.00E-06	0.01
0.0012994	0	1.00E-06	0.01
0.0012996	0	1.00E-06	0.01
0.0012998	0	1.00E-06	0.01
0.0013	0	1.00E-06	0.01
0.0013002	0	1.00E-06	0.01
0.0013004	0	1.00E-06	0.01
0.0013006	0	1.00E-06	0.01
0.0013008	0	1.00E-06	0.01
0.001301	0	1.00E-06	0.01
0.0013012	0	1.00E-06	0.01
0.0013014	0	1.00E-06	0.01
0.0013016	0	1.00E-06	0.01
0.0013018	0	1.00E-06	0.01
0.001302	0	1.00E-06	0.01
0.0013021999	0	1.00E-06	0.01
0.0013023999	0	1.00E-06	0.01
0.0013025999	0	1.00E-06	0.01
0.0013027999	0	1.00E-06	0.01
0.0013029999	0	1.00E-06	0.01
0.0013031999	0	1.00E-06	0.01
0.0013033999	0	1.00E-06	0.01
0.0013035999	0	1.00E-06	0.01
0.0013037999	0	1.00E-06	0.01
0.0013039999	0	1.00E-06	0.01
0.0013041999	0	1.00E-06	0.01
0.0013043999	0	1.00E-06	0.01
0.0013045999	0	1.00E-06	0.01
0.0013047999	0	1.00E-06	0.01
0.0013049999	0	1.00E-06	0.01
0.0013051999	0.03999999911	1.00E-06	0.01
0.0013053999	0	1.00E-06	0.01
0.0013055999	0	1.00E-06	0.01
0.0013057999	0	1.00E-06	0.01
0.0013059999	0	1.00E-06	0.01
0.0013061999	0	1.00E-06	0.01
0.0013063999	0	1.00E-06	0.01
0.0013065999	0	1.00E-06	0.01
0.0013067999	0	1.00E-06	0.01
0.0013069999	0	1.00E-06	0.01
0.0013071999	0	1.00E-06	0.01
0.0013073999	0	1.00E-06	0.01
0.0013075999	0	1.00E-06	0.01
0.0013077999	0	1.00E-06	0.01
0.0013079999	0	1.00E-06	0.01
0.0013081999	0	1.00E-06	0.01
0.0013084	0.03999999911	1.00E-06	0.01
0.0013086	0.03999999911	1.00E-06	0.01
0.0013088	0	1.00E-06	0.01
0.001309	0	1.00E-06	0.01
0.0013092	0	1.00E-06	0.01
0.0013094	0	1.00E-06	0.01
0.0013096	0	1.00E-06	0.01
0.0013098	0	1.00E-06	0.01
0.00131	0.03999999911	1.00E-06	0.01
0.0013102	0	1.00E-06	0.01
0.0013104	0	1.00E-06	0.01
0.0013106	0	1.00E-06	0.01
0.0013108	0	1.00E-06	0.01
0.001311	0	1.00E-06	0.01
0.0013112	0	1.00E-06	0.01
0.0013114	0.03999999911	1.00E-06	0.01
0.0013116	0	1.00E-06	0.01
0.0013118	0	1.00E-06	0.01
0.001312	0	1.00E-06	0.01
0.0013122	0	1.00E-06	0.01
0.0013124	0	1.00E-06	0.01
0.0013126	0.03999999911	1.00E-06	0.01
0.0013128	0	1.00E-06	0.01
0.001313	0	1.00E-06	0.01
0.0013132	0	1.00E-06	0.01
0.0013134	0	1.00E-06	0.01
0.0013136	0	1.00E-06	0.01
0.0013138	0	1.00E-06	0.01
0.001314	0	1.00E-06	0.01
0.0013142	0	1.00E-06	0.01
0.0013144	0	1.00E-06	0.01
0.0013146	0	1.00E-06	0.01
0.0013148	0	1.00E-06	0.01
0.001315	0	1.00E-06	0.01
0.0013152	0	1.00E-06	0.01
0.0013154	0.03999999911	1.00E-06	0.01
0.0013156	0.03999999911	1.00E-06	0.01
0.0013158	0	1.00E-06	0.01
0.001316	0	1.00E-06	0.01
0.0013162	0	1.00E-06	0.01
0.0013164	0	1.00E-06	0.01
0.0013166	0	1.00E-06	0.01
0.0013168	0	1.00E-06	0.01
0.001317	0	1.00E-06	0.01
0.0013172	0	1.00E-06	0.01
0.0013173999	0	1.00E-06	0.01
0.0013175999	0	1.00E-06	0.01
0.0013177999	0	1.00E-06	0.01
0.0013179999	0	1.00E-06	0.01
0.0013181999	0	1.00E-06	0.01
0.0013183999	0	1.00E-06	0.01
0.0013185999	0	1.00E-06	0.01
0.0013187999	0	1.00E-06	0.01
0.0013189999	0	1.00E-06	0.01
0.0013191999	0	1.00E-06	0.01
0.0013193999	0	1.00E-06	0.01
0.0013195999	0	1.00E-06	0.01
0.0013197999	0	1.00E-06	0.01
0.0013199999	0	1.00E-06	0.01
0.0013201999	0.03999999911	1.00E-06	0.01
0.0013203999	0	1.00E-06	0.01
0.0013205999	0	1.00E-06	0.01
0.0013207999	0	1.00E-06	0.01
0.0013209999	0	1.00E-06	0.01
0.0013211999	0	1.00E-06	0.01
0.0013213999	0	1.00E-06	0.01
0.0013215999	0	1.00E-06	0.01
0.0013217999	0	1.00E-06	0.01
0.0013219999	0	1.00E-06	0.01
0.0013221999	0.03999999911	1.00E-06	0.01
0.0013223999	0.03999999911	1.00E-06	0.01
0.0013225999	0.03999999911	1.00E-06	0.01
0.0013227999	0.03999999911	1.00E-06	0.01
0.0013229999	0	1.00E-06	0.01
0.0013231999	0	1.00E-06	0.01
0.0013233999	0	1.00E-06	0.01
0.0013236	0	1.00E-06	0.01
0.0013238	0	1.00E-06	0.01
0.001324	0.03999999911	1.00E-06	0.01
0.0013242	0	1.00E-06	0.01
0.0013244	0.03999999911	1.00E-06	0.01
0.0013246	0.03999999911	1.00E-06	0.01
0.0013248	0.03999999911	1.00E-06	0.01
0.001325	0	1.00E-06	0.01
0.0013252	0.03999999911	1.00E-06	0.01
0.0013254	0.03999999911	1.00E-06	0.01
0.0013256	0.03999999911	1.00E-06	0.01
0.0013258	0.03999999911	1.00E-06	0.01
0.001326	0.03999999911	1.00E-06	0.01
0.0013262	0.03999999911	1.00E-06	0.01
0.0013264	0.03999999911	1.00E-06	0.01
0.0013266	0.03999999911	1.00E-06	0.01
0.0013268	0.03999999911	1.00E-06	0.01
0.001327	0.03999999911	1.00E-06	0.01
0.0013272	0.03999999911	1.00E-06	0.01
0.0013274	0.03999999911	1.00E-06	0.01
0.0013276	0.03999999911	1.00E-06	0.01
0.0013278	0	1.00E-06	0.01
0.001328	0.03999999911	1.00E-06	0.01
0.0013282	0.03999999911	1.00E-06	0.01
0.0013284	0.03999999911	1.00E-06	0.01
0.0013286	0.03999999911	1.00E-06	0.01
0.0013288	0.03999999911	1.00E-06	0.01
0.001329	0.03999999911	1.00E-06	0.01
0.0013292	0.03999999911	1.00E-06	0.01
0.0013294	0.03999999911	1.00E-06	0.01
0.0013296	0.03999999911	1.00E-06	0.01
0.0013298	0.03999999911	1.00E-06	0.01
0.00133	0.03999999911	1.00E-06	0.01
0.0013302	0.03999999911	1.00E-06	0.01
0.0013304	0.03999999911	1.00E-06	0.01
0.0013306	0.03999999911	1.00E-06	0.01
0.0013308	0.03999999911	1.00E-06	0.01
0.001331	0.03999999911	1.00E-06	0.01
0.0013312	0.03999999911	1.00E-06	0.01
0.0013314	0.03999999911	1.00E-06	0.01
0.0013316	0.03999999911	1.00E-06	0.01
0.0013318	0.03999999911	1.00E-06	0.01
0.001332	0.03999999911	1.00E-06	0.01
0.0013322	0.03999999911	1.00E-06	0.01
0.0013324	0.03999999911	1.00E-06	0.01
0.0013326	0.03999999911	1.00E-06	0.01
0.0013327999	0	1.00E-06	0.01
0.0013329999	0.03999999911	1.00E-06	0.01
0.0013331999	0.03999999911	1.00E-06	0.01
0.0013333999	0	1.00E-06	0.01
0.0013335999	0.03999999911	1.00E-06	0.01
0.0013337999	0	1.00E-06	0.01
0.0013339999	0	1.00E-06	0.01
0.0013341999	0	1.00E-06	0.01
0.0013343999	0	1.00E-06	0.01
0.0013345999	0	1.00E-06	0.01
0.0013347999	0	1.00E-06	0.01
0.0013349999	0	1.00E-06	0.01
0.0013351999	0	1.00E-06	0.01
0.0013353999	0	1.00E-06	0.01
0.0013355999	0	1.00E-06	0.01
0.0013357999	0	1.00E-06	0.01
0.0013359999	0	1.00E-06	0.01
0.0013361999	0	1.00E-06	0.01
0.0013363999	0	1.00E-06	0.01
0.0013365999	0	1.00E-06	0.01
0.0013367999	0	1.00E-06	0.01
0.0013369999	0	1.00E-06	0.01
0.0013371999	0	1.00E-06	0.01
0.0013373999	0	1.00E-06	0.01
0.0013375999	0	1.00E-06	0.01
0.0013377999	0	1.00E-06	0.01
0.0013379999	0	1.00E-06	0.01
0.0013381999	0	1.00E-06	0.01
0.0013383999	0	1.00E-06	0.01
0.0013385999	0	1.00E-06	0.01
0.0013387999	0	1.00E-06	0.01
0.001339	0	1.00E-06	0.01
0.0013392	0	1.00E-06	0.01
0.0013394	0	1.00E-06	0.01
0.0013396	0	1.00E-06	0.01
0.0013398	0	1.00E-06	0.01
0.00134	0	1.00E-06	0.01
0.0013402	0	1.00E-06	0.01
0.0013404	0	1.00E-06	0.01
0.0013406	0	1.00E-06	0.01
0.0013408	0	1.00E-06	0.01
0.001341	0	1.00E-06	0.01
0.0013412	0	1.00E-06	0.01
0.0013414	0	1.00E-06	0.01
0.0013416	0	1.00E-06	0.01
0.0013418	0	1.00E-06	0.01
0.001342	0	1.00E-06	0.01
0.0013422	0	1.00E-06	0.01
0.0013424	0	1.00E-06	0.01
0.0013426	0	1.00E-06	0.01
0.0013428	0	1.00E-06	0.01
0.001343	0	1.00E-06	0.01
0.0013432	0	1.00E-06	0.01
0.0013434	0	1.00E-06	0.01
0.0013436	0	1.00E-06	0.01
0.0013438	0.03999999911	1.00E-06	0.01
0.001344	0	1.00E-06	0.01
0.0013442	0	1.00E-06	0.01
0.0013444	0	1.00E-06	0.01
0.0013446	0	1.00E-06	0.01
0.0013448	0	1.00E-06	0.01
0.001345	0	1.00E-06	0.01
0.0013452	0	1.00E-06	0.01
0.0013454	0	1.00E-06	0.01
0.0013456	0	1.00E-06	0.01
0.0013458	0	1.00E-06	0.01
0.001346	0	1.00E-06	0.01
0.0013462	0	1.00E-06	0.01
0.0013464	0	1.00E-06	0.01
0.0013466	0	1.00E-06	0.01
0.0013468	0	1.00E-06	0.01
0.001347	0	1.00E-06	0.01
0.0013472	0	1.00E-06	0.01
0.0013474	0.03999999911	1.00E-06	0.01
0.0013476	0	1.00E-06	0.01
0.0013478	0	1.00E-06	0.01
0.0013479999	0.03999999911	1.00E-06	0.01
0.0013481999	0	1.00E-06	0.01
0.0013483999	0	1.00E-06	0.01
0.0013485999	0.03999999911	1.00E-06	0.01
0.0013487999	0	1.00E-06	0.01
0.0013489999	0	1.00E-06	0.01
0.0013491999	0	1.00E-06	0.01
0.0013493999	0	1.00E-06	0.01
0.0013495999	0	1.00E-06	0.01
0.0013497999	0	1.00E-06	0.01
0.0013499999	0	1.00E-06	0.01
0.0013501999	0	1.00E-06	0.01
0.0013503999	0	1.00E-06	0.01
0.0013505999	0	1.00E-06	0.01
0.0013507999	0	1.00E-06	0.01
0.0013509999	0	1.00E-06	0.01
0.0013511999	0	1.00E-06	0.01
0.0013513999	0	1.00E-06	0.01
0.0013515999	0	1.00E-06	0.01
0.0013517999	0	1.00E-06	0.01
0.0013519999	0	1.00E-06	0.01
0.0013521999	0	1.00E-06	0.01
0.0013523999	0	1.00E-06	0.01
0.0013525999	0	1.00E-06	0.01
0.0013527999	0	1.00E-06	0.01
0.0013529999	0	1.00E-06	0.01
0.0013531999	0	1.00E-06	0.01
0.0013533999	0	1.00E-06	0.01
0.0013535999	0	1.00E-06	0.01
0.0013537999	0	1.00E-06	0.01
0.0013539999	0	1.00E-06	0.01
0.0013542	0	1.00E-06	0.01
0.0013544	0	1.00E-06	0.01
0.0013546	0	1.00E-06	0.01
0.0013548	0	1.00E-06	0.01
0.001355	0	1.00E-06	0.01
0.0013552	0	1.00E-06	0.01
0.0013554	0	1.00E-06	0.01
0.0013556	0	1.00E-06	0.01
0.0013558	0	1.00E-06	0.01
0.001356	0	1.00E-06	0.01
0.0013562	0	1.00E-06	0.01
0.0013564	0	1.00E-06	0.01
0.0013566	0	1.00E-06	0.01
0.0013568	0	1.00E-06	0.01
0.001357	0	1.00E-06	0.01
0.0013572	0	1.00E-06	0.01
0.0013574	0	1.00E-06	0.01
0.0013576	0	1.00E-06	0.01
0.0013578	0	1.00E-06	0.01
