Record Length	2500	Points	0,000774	0		Record Length	2500	Points	0,000774	4,36	
Sample Interval	2e-007	s	0,0007742	0,04		Sample Interval	2e-007	s	0,0007742	4,36	
Trigger Point	-3869,999737	Samples	0,0007744	0,04		Trigger Point	-3869,999737	Samples	0,0007744	4,36	
			0,0007746	0,04					0,0007746	4,36	
			0,0007748	0,04					0,0007748	4,36	
			0,000775	0,04					0,000775	4,36	
Source	CH1		0,0007752	0,04		Source	CH2		0,0007752	4,36	
Vertical Units	Volts		0,0007754	0,04		Vertical Units	Volts		0,0007754	4,36	
Vertical Scale	1.000000		0,0007756	0,04		Vertical Scale	1.000000		0,0007756	4,36	
Vertical Offset	0		0,0007758	0,04		Vertical Offset	0		0,0007758	4,36	
Horizontal Units	s		0,000776	0,04		Horizontal Units	s		0,000776	4,36	
Horizontal Scale	50.00000058E-6		0,0007762	0,04		Horizontal Scale	50.00000058E-6		0,0007762	4,36	
Pt Fmt	Y		0,0007764	0,04		Pt Fmt	Y		0,0007764	4,36	
Yzero	-120.0000000E-3		0,0007766	0,04		Yzero	-1.2400000		0,0007766	4,36	
Probe Atten	1,000000		0,0007768	0		Probe Atten	1,000000		0,0007768	4,36	
			0,000777	0,04					0,000777	4,36	
Note	TDS 1001B - 17:38:46   8/4/2026		0,0007772	0,04		Note	TDS 1001B - 17:38:46   8/4/2026		0,0007772	4,36	
			0,0007774	0,04					0,0007774	4,36	
			0,0007776	0,04					0,0007776	4,36	
			0,0007778	0,04					0,0007778	4,36	
			0,000778	0,04					0,000778	4,36	
			0,0007782	0,04					0,0007782	4,36	
			0,0007784	0,04					0,0007784	4,36	
			0,0007786	0,04					0,0007786	4,36	
			0,0007788	0,04					0,0007788	4,36	
			0,000779	0,04					0,000779	4,36	
			0,0007792	0,04					0,0007792	4,36	
			0,0007794	0,04					0,0007794	4,36	
			0,0007796	0,04					0,0007796	4,36	
			0,0007798	0,04					0,0007798	4,36	
			0,00078	0,04					0,00078	4,36	
			0,0007802	0,04					0,0007802	4,36	
			0,0007804	0,04					0,0007804	4,36	
			0,0007806	0,04					0,0007806	4,36	
			0,0007808	0,04					0,0007808	4,36	
			0,000781	0,04					0,000781	4,36	
			0,0007812	0,04					0,0007812	4,36	
			0,0007814	0,04					0,0007814	4,36	
			0,0007816	0,04					0,0007816	4,36	
			0,0007818	0,04					0,0007818	4,36	
			0,000782	0,04					0,000782	4,36	
			0,0007822	0,04					0,0007822	4,36	
			0,0007824	0,04					0,0007824	4,36	
			0,0007826	0,04					0,0007826	4,36	
			0,0007828	0,04					0,0007828	4,36	
			0,000783	0,04					0,000783	4,36	
			0,0007832	0,04					0,0007832	4,36	
			0,0007834	0,04					0,0007834	4,36	
			0,0007836	0,04					0,0007836	4,36	
			0,0007838	0,04					0,0007838	4,36	
			0,000784	0,04					0,000784	4,36	
			0,0007842	0,04					0,0007842	4,36	
			0,0007844	0,04					0,0007844	4,36	
			0,0007846	0,04					0,0007846	4,36	
			0,0007848	0,04					0,0007848	4,36	
			0,000785	0,04					0,000785	4,36	
			0,0007852	0,04					0,0007852	4,36	
			0,0007854	0					0,0007854	4,36	
			0,0007856	0,04					0,0007856	4,36	
			0,0007858	0,04					0,0007858	4,36	
			0,000786	0,04					0,000786	4,36	
			0,0007862	0,04					0,0007862	4,36	
			0,0007864	0					0,0007864	4,36	
			0,0007866	0,04					0,0007866	4,36	
			0,0007868	0,04					0,0007868	4,36	
			0,000787	0					0,000787	4,36	
			0,0007872	0,04					0,0007872	4,36	
			0,0007874	0					0,0007874	4,36	
			0,0007876	0,04					0,0007876	4,36	
			0,0007878	0					0,0007878	4,36	
			0,000788	0,04					0,000788	4,36	
			0,0007882	0					0,0007882	4,36	
			0,0007884	0					0,0007884	4,36	
			0,0007886	0					0,0007886	4,36	
			0,0007888	0					0,0007888	4,36	
			0,000789	0					0,000789	4,36	
			0,0007892	0					0,0007892	4,4	
			0,0007894	0,04					0,0007894	4,36	
			0,0007896	0					0,0007896	4,4	
			0,0007898	0					0,0007898	4,36	
			0,00079	0					0,00079	4,36	
			0,0007902	0					0,0007902	4,36	
			0,0007904	0					0,0007904	4,36	
			0,0007906	0					0,0007906	4,36	
			0,0007908	0					0,0007908	4,36	
			0,000791	0					0,000791	4,36	
			0,0007912	0					0,0007912	4,36	
			0,0007914	0					0,0007914	4,36	
			0,0007916	0					0,0007916	4,4	
			0,0007918	0					0,0007918	4,36	
			0,000792	0					0,000792	4,36	
			0,0007922	0					0,0007922	4,4	
			0,0007924	0					0,0007924	4,36	
			0,0007926	0					0,0007926	4,36	
			0,0007928	0					0,0007928	4,36	
			0,000793	0					0,000793	4,36	
			0,0007932	0					0,0007932	4,36	
			0,0007934	0					0,0007934	4,36	
			0,0007936	0					0,0007936	4,36	
			0,0007938	0					0,0007938	4,36	
			0,000794	0					0,000794	4,36	
			0,0007942	0					0,0007942	4,36	
			0,0007944	0					0,0007944	4,36	
			0,0007946	0,04					0,0007946	4,36	
			0,0007948	0					0,0007948	4,36	
			0,000795	0,04					0,000795	4,36	
			0,0007952	0,04					0,0007952	4,36	
			0,0007954	0					0,0007954	4,36	
			0,0007956	0,04					0,0007956	4,36	
			0,0007958	0					0,0007958	4,36	
			0,000796	0,04					0,000796	4,36	
			0,0007962	0,04					0,0007962	4,36	
			0,0007964	0					0,0007964	4,36	
			0,0007966	0,04					0,0007966	4,36	
			0,0007968	0,04					0,0007968	4,36	
			0,000797	0					0,000797	4,36	
			0,0007972	0,04					0,0007972	4,36	
			0,0007974	0,04					0,0007974	4,36	
			0,0007976	0,04					0,0007976	4,36	
			0,0007978	0,04					0,0007978	4,36	
			0,000798	0,04					0,000798	4,36	
			0,0007982	0,04					0,0007982	4,4	
			0,0007984	0,04					0,0007984	4,36	
			0,0007986	0,04					0,0007986	4,36	
			0,0007988	0,04					0,0007988	4,36	
			0,000799	0,04					0,000799	4,36	
			0,0007992	0,04					0,0007992	4,36	
			0,0007994	0,04					0,0007994	4,36	
			0,0007996	0,04					0,0007996	4,36	
			0,0007998	0,04					0,0007998	4,36	
			0,0008	0,04					0,0008	4,36	
			0,0008002	0,04					0,0008002	4,36	
			0,0008004	0,04					0,0008004	4,36	
			0,0008006	0,04					0,0008006	4,36	
			0,0008008	0,04					0,0008008	4,36	
			0,000801	0,04					0,000801	4,36	
			0,0008012	0,04					0,0008012	4,36	
			0,0008014	0,04					0,0008014	4,36	
			0,0008016	0,04					0,0008016	4,4	
			0,0008018	0,04					0,0008018	4,36	
			0,000802	0,04					0,000802	4,4	
			0,0008022	0					0,0008022	4,36	
			0,0008024	0					0,0008024	4,4	
			0,0008026	0					0,0008026	4,36	
			0,0008028	0					0,0008028	4,4	
			0,000803	0					0,000803	4,36	
			0,0008032	0,04					0,0008032	4,4	
			0,0008034	0,04					0,0008034	4,36	
			0,0008036	0					0,0008036	4,36	
			0,0008038	0,04					0,0008038	4,36	
			0,000804	0,04					0,000804	4,36	
			0,0008042	0,04					0,0008042	4,36	
			0,0008044	0,04					0,0008044	4,4	
			0,0008046	0,04					0,0008046	4,4	
			0,0008048	0,04					0,0008048	4,4	
			0,000805	0,04					0,000805	4,4	
			0,0008052	0					0,0008052	4,4	
			0,0008054	0					0,0008054	4,4	
			0,0008056	0					0,0008056	4,4	
			0,0008058	0					0,0008058	4,4	
			0,000806	0					0,000806	4,4	
			0,0008062	0					0,0008062	4,4	
			0,0008064	0					0,0008064	4,4	
			0,0008066	0					0,0008066	4,36	
			0,0008068	0					0,0008068	4,36	
			0,000807	0					0,000807	4,36	
			0,0008072	0					0,0008072	4,4	
			0,0008074	0					0,0008074	4,4	
			0,0008076	0					0,0008076	4,4	
			0,0008078	0					0,0008078	4,4	
			0,000808	0					0,000808	4,36	
			0,0008082	0					0,0008082	4,36	
			0,0008084	0,04					0,0008084	4,4	
			0,0008086	0					0,0008086	4,4	
			0,0008088	0					0,0008088	4,4	
			0,000809	0					0,000809	4,4	
			0,0008092	0					0,0008092	4,4	
			0,0008094	0					0,0008094	4,4	
			0,0008096	0					0,0008096	4,4	
			0,0008098	0					0,0008098	4,4	
			0,00081	0					0,00081	4,4	
			0,0008102	0					0,0008102	4,4	
			0,0008104	0					0,0008104	4,36	
			0,0008106	0					0,0008106	4,4	
			0,0008108	0					0,0008108	4,36	
			0,000811	0					0,000811	4,36	
			0,0008112	0					0,0008112	4,36	
			0,0008114	0,04					0,0008114	4,36	
			0,0008116	0					0,0008116	4,36	
			0,0008118	0					0,0008118	4,4	
			0,000812	0					0,000812	4,4	
			0,0008122	0,04					0,0008122	4,36	
			0,0008124	0					0,0008124	4,4	
			0,0008126	0,04					0,0008126	4,36	
			0,0008128	0,04					0,0008128	4,4	
			0,000813	0					0,000813	4,4	
			0,0008132	0					0,0008132	4,4	
			0,0008134	0					0,0008134	4,4	
			0,0008136	0					0,0008136	4,36	
			0,0008138	0					0,0008138	4,36	
			0,000814	0,04					0,000814	4,36	
			0,0008142	0,04					0,0008142	4,36	
			0,0008144	0,04					0,0008144	4,36	
			0,0008146	0,04					0,0008146	4,36	
			0,0008148	0,04					0,0008148	4,36	
			0,000815	0,04					0,000815	4,36	
			0,0008152	0,04					0,0008152	4,36	
			0,0008154	0,04					0,0008154	4,36	
			0,0008156	0,04					0,0008156	4,36	
			0,0008158	0,04					0,0008158	4,36	
			0,000816	0,04					0,000816	4,36	
			0,0008162	0,04					0,0008162	4,36	
			0,0008164	0,04					0,0008164	4,36	
			0,0008166	0,04					0,0008166	4,36	
			0,0008168	0,04					0,0008168	4,36	
			0,000817	0,04					0,000817	4,36	
			0,0008172	0,04					0,0008172	4,36	
			0,0008174	0,04					0,0008174	4,36	
			0,0008176	0,04					0,0008176	4,36	
			0,0008178	0,04					0,0008178	4,36	
			0,000818	0,04					0,000818	4,36	
			0,0008182	0,04					0,0008182	4,36	
			0,0008184	0,04					0,0008184	4,36	
			0,0008186	0,04					0,0008186	4,36	
			0,0008188	0,04					0,0008188	4,36	
			0,000819	0,04					0,000819	4,36	
			0,0008192	0,04					0,0008192	4,36	
			0,0008194	0,04					0,0008194	4,36	
			0,0008196	0,04					0,0008196	4,36	
			0,0008198	0,04					0,0008198	4,36	
			0,00082	0,04					0,00082	4,36	
			0,0008202	0,04					0,0008202	4,36	
			0,0008204	0,04					0,0008204	4,36	
			0,0008206	0,04					0,0008206	4,36	
			0,0008208	0,04					0,0008208	4,36	
			0,000821	0,04					0,000821	4,36	
			0,0008212	0,04					0,0008212	4,36	
			0,0008214	0,04					0,0008214	4,36	
			0,0008216	0,04					0,0008216	4,36	
			0,0008218	0,04					0,0008218	4,36	
			0,000822	0,04					0,000822	4,36	
			0,0008222	0,04					0,0008222	4,36	
			0,0008224	0,04					0,0008224	4,36	
			0,0008226	0,04					0,0008226	4,36	
			0,0008228	0					0,0008228	4,36	
			0,000823	0,04					0,000823	4,36	
			0,0008232	0,04					0,0008232	4,36	
			0,0008234	0,04					0,0008234	4,36	
			0,0008236	0,04					0,0008236	4,36	
			0,0008238	0,04					0,0008238	4,36	
			0,000824	0,04					0,000824	4,36	
			0,0008242	0,04					0,0008242	4,36	
			0,0008244	0,04					0,0008244	4,36	
			0,0008246	0,04					0,0008246	4,36	
			0,0008248	0,04					0,0008248	4,36	
			0,000825	0					0,000825	4,36	
			0,0008252	0,04					0,0008252	4,36	
			0,0008254	0					0,0008254	4,36	
			0,0008256	0,04					0,0008256	4,36	
			0,0008258	0,04					0,0008258	4,36	
			0,000826	0					0,000826	4,36	
			0,0008262	0					0,0008262	4,36	
			0,0008264	0					0,0008264	4,36	
			0,0008266	0					0,0008266	4,36	
			0,0008268	0					0,0008268	4,36	
			0,000827	0,04					0,000827	4,36	
			0,0008272	0					0,0008272	4,36	
			0,0008274	0					0,0008274	4,36	
			0,0008276	0					0,0008276	4,36	
			0,0008278	0					0,0008278	4,36	
			0,000828	0					0,000828	4,36	
			0,0008282	0					0,0008282	4,36	
			0,0008284	0					0,0008284	4,36	
			0,0008286	0					0,0008286	4,36	
			0,0008288	0					0,0008288	4,36	
			0,000829	0					0,000829	4,36	
			0,0008292	0					0,0008292	4,36	
			0,0008294	0					0,0008294	4,36	
			0,0008296	0					0,0008296	4,36	
			0,0008298	0,04					0,0008298	4,36	
			0,00083	0					0,00083	4,36	
			0,0008302	0					0,0008302	4,36	
			0,0008304	0					0,0008304	4,36	
			0,0008306	0					0,0008306	4,36	
			0,0008308	0					0,0008308	4,36	
			0,000831	0					0,000831	4,36	
			0,0008312	0,04					0,0008312	4,36	
			0,0008314	0,04					0,0008314	4,36	
			0,0008316	0,04					0,0008316	4,36	
			0,0008318	0,04					0,0008318	4,36	
			0,000832	0					0,000832	4,36	
			0,0008322	0,04					0,0008322	4,36	
			0,0008324	0,04					0,0008324	4,36	
			0,0008326	0,04					0,0008326	4,36	
			0,0008328	0,04					0,0008328	4,36	
			0,000833	0,04					0,000833	4,36	
			0,0008332	0,04					0,0008332	4,36	
			0,0008334	0,04					0,0008334	4,36	
			0,0008336	0					0,0008336	4,36	
			0,0008338	0,04					0,0008338	4,36	
			0,000834	0,04					0,000834	4,36	
			0,0008342	0,04					0,0008342	4,36	
			0,0008344	0,04					0,0008344	4,36	
			0,0008346	0,04					0,0008346	4,36	
			0,0008348	0,04					0,0008348	4,36	
			0,000835	0,04					0,000835	4,36	
			0,0008352	0,04					0,0008352	4,36	
			0,0008354	0,04					0,0008354	4,36	
			0,0008356	0,04					0,0008356	4,36	
			0,0008358	0,04					0,0008358	4,36	
			0,000836	0,04					0,000836	4,36	
			0,0008362	0,04					0,0008362	4,36	
			0,0008364	0,04					0,0008364	4,36	
			0,0008366	0,04					0,0008366	4,36	
			0,0008368	0,04					0,0008368	4,36	
			0,000837	0,04					0,000837	4,36	
			0,0008372	0,04					0,0008372	4,36	
			0,0008374	0,04					0,0008374	4,36	
			0,0008376	0,04					0,0008376	4,36	
			0,0008378	0,04					0,0008378	4,36	
			0,000838	0,04					0,000838	4,36	
			0,0008382	0,04					0,0008382	4,36	
			0,0008384	0,04					0,0008384	4,36	
			0,0008386	0,04					0,0008386	4,36	
			0,0008388	0,04					0,0008388	4,36	
			0,000839	0,04					0,000839	4,36	
			0,0008392	0,04					0,0008392	4,36	
			0,0008394	0,04					0,0008394	4,36	
			0,0008396	0,04					0,0008396	4,36	
			0,0008398	0,04					0,0008398	4,36	
			0,00084	0,04					0,00084	4,36	
			0,0008402	0,04					0,0008402	4,36	
			0,0008404	0,04					0,0008404	4,36	
			0,0008406	0,04					0,0008406	4,36	
			0,0008408	0,04					0,0008408	4,36	
			0,000841	0,04					0,000841	4,36	
			0,0008412	0,04					0,0008412	4,36	
			0,0008414	0,04					0,0008414	4,36	
			0,0008416	0,04					0,0008416	4,36	
			0,0008418	0,04					0,0008418	4,36	
			0,000842	0,04					0,000842	4,36	
			0,0008422	0,04					0,0008422	4,36	
			0,0008424	0,04					0,0008424	4,36	
			0,0008426	0,04					0,0008426	4,36	
			0,0008428	0,04					0,0008428	4,36	
			0,000843	0,04					0,000843	4,36	
			0,0008432	0					0,0008432	4,36	
			0,0008434	0,04					0,0008434	4,36	
			0,0008436	0					0,0008436	4,36	
			0,0008438	0					0,0008438	4,36	
			0,000844	0					0,000844	4,36	
			0,0008442	0					0,0008442	4,36	
			0,0008444	0,04					0,0008444	4,36	
			0,0008446	0,04					0,0008446	4,36	
			0,0008448	0,04					0,0008448	4,36	
			0,000845	0,04					0,000845	4,36	
			0,0008452	0					0,0008452	4,36	
			0,0008454	0,04					0,0008454	4,4	
			0,0008456	0,04					0,0008456	4,36	
			0,0008458	0					0,0008458	4,36	
			0,000846	0,04					0,000846	4,36	
			0,0008462	0					0,0008462	4,36	
			0,0008464	0					0,0008464	4,36	
			0,0008466	0					0,0008466	4,36	
			0,0008468	0					0,0008468	4,4	
			0,000847	0					0,000847	4,4	
			0,0008472	0					0,0008472	4,36	
			0,0008474	0					0,0008474	4,4	
			0,0008476	0					0,0008476	4,4	
			0,0008478	0					0,0008478	4,4	
			0,000848	0					0,000848	4,36	
			0,0008482	0					0,0008482	4,36	
			0,0008484	0					0,0008484	4,36	
			0,0008486	0					0,0008486	4,4	
			0,0008488	0,04					0,0008488	4,36	
			0,000849	0					0,000849	4,36	
			0,0008492	0					0,0008492	4,36	
			0,0008494	0,04					0,0008494	4,36	
			0,0008496	0,04					0,0008496	4,4	
			0,0008498	0					0,0008498	4,36	
			0,00085	0					0,00085	4,36	
			0,0008502	0					0,0008502	4,4	
			0,0008504	0					0,0008504	4,4	
			0,0008506	0,04					0,0008506	4,36	
			0,0008508	0					0,0008508	4,36	
			0,000851	0					0,000851	4,4	
			0,0008512	0,04					0,0008512	4,36	
			0,0008514	0					0,0008514	4,36	
			0,0008516	0,04					0,0008516	4,36	
			0,0008518	0					0,0008518	4,36	
			0,000852	0					0,000852	4,36	
			0,0008522	0,04					0,0008522	4,36	
			0,0008524	0,04					0,0008524	4,36	
			0,0008526	0,04					0,0008526	4,36	
			0,0008528	0,04					0,0008528	4,36	
			0,000853	0,04					0,000853	4,36	
			0,0008532	0,04					0,0008532	4,36	
			0,0008534	0,04					0,0008534	4,36	
			0,0008536	0,04					0,0008536	4,36	
			0,0008538	0,04					0,0008538	4,36	
			0,000854	0,04					0,000854	4,36	
			0,0008542	0,04					0,0008542	4,36	
			0,0008544	0,04					0,0008544	4,36	
			0,0008546	0,04					0,0008546	4,36	
			0,0008548	0,04					0,0008548	4,36	
			0,000855	0,04					0,000855	4,36	
			0,0008552	0,04					0,0008552	4,36	
			0,0008554	0,04					0,0008554	4,36	
			0,0008556	0,04					0,0008556	4,36	
			0,0008558	0,04					0,0008558	4,36	
			0,000856	0,04					0,000856	4,36	
			0,0008562	0,04					0,0008562	4,4	
			0,0008564	0,04					0,0008564	4,36	
			0,0008566	0,04					0,0008566	4,36	
			0,0008568	0,04					0,0008568	4,36	
			0,000857	0,04					0,000857	4,36	
			0,0008572	0,04					0,0008572	4,36	
			0,0008574	0,04					0,0008574	4,36	
			0,0008576	0,04					0,0008576	4,4	
			0,0008578	0,04					0,0008578	4,36	
			0,000858	0,04					0,000858	4,36	
			0,0008582	0,04					0,0008582	4,36	
			0,0008584	0,04					0,0008584	4,36	
			0,0008586	0,04					0,0008586	4,36	
			0,0008588	0,04					0,0008588	4,36	
			0,000859	0,04					0,000859	4,36	
			0,0008592	0,04					0,0008592	4,36	
			0,0008594	0,04					0,0008594	4,36	
			0,0008596	0,04					0,0008596	4,4	
			0,0008598	0,04					0,0008598	4,4	
			0,00086	0,04					0,00086	4,36	
			0,0008602	0,04					0,0008602	4,4	
			0,0008604	0,04					0,0008604	4,4	
			0,0008606	0,04					0,0008606	4,4	
			0,0008608	0,04					0,0008608	4,4	
			0,000861	0,04					0,000861	4,4	
			0,0008612	0,04					0,0008612	4,4	
			0,0008614	0,04					0,0008614	4,36	
			0,0008616	0					0,0008616	4,4	
			0,0008618	0,04					0,0008618	4,4	
			0,000862	0,04					0,000862	4,4	
			0,0008622	0,04					0,0008622	4,4	
			0,0008624	0,04					0,0008624	4,36	
			0,0008626	0,04					0,0008626	4,36	
			0,0008628	0,04					0,0008628	4,36	
			0,000863	0,04					0,000863	4,36	
			0,0008632	0,04					0,0008632	4,36	
			0,0008634	0,04					0,0008634	4,4	
			0,0008636	0					0,0008636	4,4	
			0,0008638	0					0,0008638	4,4	
			0,000864	0,04					0,000864	4,4	
			0,0008642	0,04					0,0008642	4,4	
			0,0008644	0					0,0008644	4,4	
			0,0008646	0					0,0008646	4,4	
			0,0008648	0					0,0008648	4,4	
			0,000865	0					0,000865	4,4	
			0,0008652	0					0,0008652	4,4	
			0,0008654	0					0,0008654	4,4	
			0,0008656	0					0,0008656	4,4	
			0,0008658	0					0,0008658	4,4	
			0,000866	0					0,000866	4,4	
			0,0008662	0					0,0008662	4,4	
			0,0008664	0,04					0,0008664	4,4	
			0,0008666	0					0,0008666	4,4	
			0,0008668	0,04					0,0008668	4,4	
			0,000867	0					0,000867	4,4	
			0,0008672	0,04					0,0008672	4,4	
			0,0008674	0,04					0,0008674	4,36	
			0,0008676	0					0,0008676	4,4	
			0,0008678	0,04					0,0008678	4,4	
			0,000868	0					0,000868	4,36	
			0,0008682	0					0,0008682	4,4	
			0,0008684	0					0,0008684	4,4	
			0,0008686	0,04					0,0008686	4,4	
			0,0008688	0					0,0008688	4,4	
			0,000869	0					0,000869	4,4	
			0,0008692	0					0,0008692	4,4	
			0,0008694	0,04					0,0008694	4,4	
			0,0008696	0,04					0,0008696	4,4	
			0,0008698	0,04					0,0008698	4,4	
			0,00087	0,04					0,00087	4,4	
			0,0008702	0					0,0008702	4,36	
			0,0008704	0,04					0,0008704	4,36	
			0,0008706	0,04					0,0008706	4,36	
			0,0008708	0,04					0,0008708	4,36	
			0,000871	0,04					0,000871	4,36	
			0,0008712	0,04					0,0008712	4,36	
			0,0008714	0,04					0,0008714	4,36	
			0,0008716	0,04					0,0008716	4,36	
			0,0008718	0,04					0,0008718	4,36	
			0,000872	0,04					0,000872	4,36	
			0,0008722	0,04					0,0008722	4,36	
			0,0008724	0,04					0,0008724	4,4	
			0,0008726	0,04					0,0008726	4,36	
			0,0008728	0,04					0,0008728	4,36	
			0,000873	0,04					0,000873	4,36	
			0,0008732	0,04					0,0008732	4,36	
			0,0008734	0,04					0,0008734	4,36	
			0,0008736	0,04					0,0008736	4,36	
			0,0008738	0,04					0,0008738	4,36	
			0,000874	0,04					0,000874	4,36	
			0,0008742	0,04					0,0008742	4,36	
			0,0008744	0,04					0,0008744	4,36	
			0,0008746	0,04					0,0008746	4,36	
			0,0008748	0,04					0,0008748	4,36	
			0,000875	0,04					0,000875	4,36	
			0,0008752	0,04					0,0008752	4,36	
			0,0008754	0,04					0,0008754	4,36	
			0,0008756	0,04					0,0008756	4,36	
			0,0008758	0,04					0,0008758	4,36	
			0,000876	0,04					0,000876	4,36	
			0,0008762	0,04					0,0008762	4,36	
			0,0008764	0,04					0,0008764	4,36	
			0,0008766	0,04					0,0008766	4,36	
			0,0008768	0,04					0,0008768	4,36	
			0,000877	0,04					0,000877	4,36	
			0,0008772	0,04					0,0008772	4,36	
			0,0008774	0,04					0,0008774	4,36	
			0,0008776	0,04					0,0008776	4,36	
			0,0008778	0,04					0,0008778	4,36	
			0,000878	0,04					0,000878	4,36	
			0,0008782	0,04					0,0008782	4,36	
			0,0008784	0,04					0,0008784	4,36	
			0,0008786	0,04					0,0008786	4,36	
			0,0008788	0,04					0,0008788	4,36	
			0,000879	0					0,000879	4,36	
			0,0008792	0,04					0,0008792	4,36	
			0,0008794	0,04					0,0008794	4,36	
			0,0008796	0					0,0008796	4,36	
			0,0008798	0,04					0,0008798	4,36	
			0,00088	0					0,00088	4,36	
			0,0008802	0,04					0,0008802	4,36	
			0,0008804	0,04					0,0008804	4,36	
			0,0008806	0,04					0,0008806	4,36	
			0,0008808	0,04					0,0008808	4,36	
			0,000881	0,04					0,000881	4,36	
			0,0008812	0,04					0,0008812	4,36	
			0,0008814	0					0,0008814	4,36	
			0,0008816	0					0,0008816	4,4	
			0,0008818	0,04					0,0008818	4,4	
			0,000882	0					0,000882	4,4	
			0,0008822	0					0,0008822	4,36	
			0,0008824	0					0,0008824	4,4	
			0,0008826	0					0,0008826	4,36	
			0,0008828	0					0,0008828	4,36	
			0,000883	0					0,000883	4,36	
			0,0008832	0					0,0008832	4,36	
			0,0008834	0					0,0008834	4,36	
			0,0008836	0					0,0008836	4,36	
			0,0008838	0					0,0008838	4,36	
			0,000884	0					0,000884	4,36	
			0,0008842	0					0,0008842	4,36	
			0,0008844	0					0,0008844	4,36	
			0,0008846	0,04					0,0008846	4,36	
			0,0008848	0					0,0008848	4,36	
			0,000885	0					0,000885	4,36	
			0,0008852	0					0,0008852	4,36	
			0,0008854	0					0,0008854	4,36	
			0,0008856	0					0,0008856	4,36	
			0,0008858	0					0,0008858	4,36	
			0,000886	0					0,000886	4,36	
			0,0008862	0					0,0008862	4,36	
			0,0008864	0					0,0008864	4,36	
			0,0008866	0,04					0,0008866	4,36	
			0,0008868	0					0,0008868	4,36	
			0,000887	0					0,000887	4,36	
			0,0008872	0					0,0008872	4,36	
			0,0008874	0					0,0008874	4,36	
			0,0008876	0					0,0008876	4,36	
			0,0008878	0					0,0008878	4,36	
			0,000888	0					0,000888	4,36	
			0,0008882	0					0,0008882	4,4	
			0,0008884	0,04					0,0008884	4,36	
			0,0008886	0,04					0,0008886	4,36	
			0,0008888	0					0,0008888	4,36	
			0,000889	0					0,000889	4,36	
			0,0008892	0,04					0,0008892	4,36	
			0,0008894	0					0,0008894	4,36	
			0,0008896	0					0,0008896	4,36	
			0,0008898	0,04					0,0008898	4,36	
			0,00089	0					0,00089	4,36	
			0,0008902	0					0,0008902	4,36	
			0,0008904	0,04					0,0008904	4,36	
			0,0008906	0					0,0008906	4,36	
			0,0008908	0,04					0,0008908	4,36	
			0,000891	0,04					0,000891	4,36	
			0,0008912	0,04					0,0008912	4,36	
			0,0008914	0,04					0,0008914	4,36	
			0,0008916	0,04					0,0008916	4,36	
			0,0008918	0					0,0008918	4,36	
			0,000892	0,04					0,000892	4,36	
			0,0008922	0,04					0,0008922	4,36	
			0,0008924	0,04					0,0008924	4,36	
			0,0008926	0,04					0,0008926	4,36	
			0,0008928	0,04					0,0008928	4,36	
			0,000893	0					0,000893	4,36	
			0,0008932	0,04					0,0008932	4,36	
			0,0008934	0,04					0,0008934	4,36	
			0,0008936	0,04					0,0008936	4,36	
			0,0008938	0,04					0,0008938	4,36	
			0,000894	0,04					0,000894	4,36	
			0,0008942	0,04					0,0008942	4,36	
			0,0008944	0,04					0,0008944	4,36	
			0,0008946	0,04					0,0008946	4,36	
			0,0008948	0,04					0,0008948	4,36	
			0,000895	0,04					0,000895	4,36	
			0,0008952	0,04					0,0008952	4,36	
			0,0008954	0,04					0,0008954	4,36	
			0,0008956	0,04					0,0008956	4,36	
			0,0008958	0,04					0,0008958	4,36	
			0,000896	0,04					0,000896	4,36	
			0,0008962	0,04					0,0008962	4,36	
			0,0008964	0,04					0,0008964	4,36	
			0,0008966	0,04					0,0008966	4,36	
			0,0008968	0,04					0,0008968	4,36	
			0,000897	0,04					0,000897	4,36	
			0,0008972	0,04					0,0008972	4,36	
			0,0008974	0,04					0,0008974	4,36	
			0,0008976	0,04					0,0008976	4,36	
			0,0008978	0,04					0,0008978	4,36	
			0,000898	0,04					0,000898	4,36	
			0,0008982	0					0,0008982	4,36	
			0,0008984	0,04					0,0008984	4,36	
			0,0008986	0,04					0,0008986	4,36	
			0,0008988	0					0,0008988	4,36	
			0,000899	0,04					0,000899	4,36	
			0,0008992	0					0,0008992	4,36	
			0,0008994	0					0,0008994	4,36	
			0,0008996	0,04					0,0008996	4,36	
			0,0008998	0,04					0,0008998	4,36	
			0,0009	0					0,0009	4,36	
			0,0009002	0					0,0009002	4,36	
			0,0009004	0,04					0,0009004	4,36	
			0,0009006	0					0,0009006	4,36	
			0,0009008	0					0,0009008	4,36	
			0,000901	0					0,000901	4,4	
			0,0009012	0					0,0009012	4,36	
			0,0009014	0					0,0009014	4,36	
			0,0009016	0					0,0009016	4,36	
			0,0009018	0					0,0009018	4,4	
			0,000902	0					0,000902	4,36	
			0,0009022	0					0,0009022	4,36	
			0,0009024	0,04					0,0009024	4,4	
			0,0009026	0					0,0009026	4,36	
			0,0009028	0					0,0009028	4,4	
			0,000903	0					0,000903	4,4	
			0,0009032	0					0,0009032	4,36	
			0,0009034	0					0,0009034	4,36	
			0,0009036	0					0,0009036	4,36	
			0,0009038	0					0,0009038	4,4	
			0,000904	0					0,000904	4,36	
			0,0009042	0					0,0009042	4,36	
			0,0009044	0,04					0,0009044	4,36	
			0,0009046	0					0,0009046	4,36	
			0,0009048	0					0,0009048	4,36	
			0,000905	0					0,000905	4,36	
			0,0009052	0					0,0009052	4,36	
			0,0009054	0					0,0009054	4,36	
			0,0009056	0					0,0009056	4,36	
			0,0009058	0					0,0009058	4,36	
			0,000906	0					0,000906	4,4	
			0,0009062	0,04					0,0009062	4,4	
			0,0009064	0					0,0009064	4,36	
			0,0009066	0					0,0009066	4,4	
			0,0009068	0					0,0009068	4,4	
			0,000907	0					0,000907	4,36	
			0,0009072	0					0,0009072	4,4	
			0,0009074	0					0,0009074	4,36	
			0,0009076	0					0,0009076	4,36	
			0,0009078	0					0,0009078	4,36	
			0,000908	0					0,000908	4,36	
			0,0009082	0,04					0,0009082	4,36	
			0,0009084	0,04					0,0009084	4,36	
			0,0009086	0,04					0,0009086	4,36	
			0,0009088	0					0,0009088	4,36	
			0,000909	0,04					0,000909	4,4	
			0,0009092	0,04					0,0009092	4,4	
			0,0009094	0,04					0,0009094	4,36	
			0,0009096	0,04					0,0009096	4,4	
			0,0009098	0,04					0,0009098	4,36	
			0,00091	0,04					0,00091	4,36	
			0,0009102	0,04					0,0009102	4,36	
			0,0009104	0,04					0,0009104	4,36	
			0,0009106	0,04					0,0009106	4,36	
			0,0009108	0,04					0,0009108	4,36	
			0,000911	0,04					0,000911	4,36	
			0,0009112	0,04					0,0009112	4,36	
			0,0009114	0,04					0,0009114	4,36	
			0,0009116	0,04					0,0009116	4,36	
			0,0009118	0,04					0,0009118	4,36	
			0,000912	0,04					0,000912	4,36	
			0,0009122	0,04					0,0009122	4,36	
			0,0009124	0,04					0,0009124	4,36	
			0,0009126	0,04					0,0009126	4,36	
			0,0009128	0,04					0,0009128	4,36	
			0,000913	0,04					0,000913	4,36	
			0,0009132	0,04					0,0009132	4,36	
			0,0009134	0,04					0,0009134	4,36	
			0,0009136	0,04					0,0009136	4,36	
			0,0009138	0,04					0,0009138	4,36	
			0,000914	0,04					0,000914	4,36	
			0,0009142	0,04					0,0009142	4,36	
			0,0009144	0,04					0,0009144	4,36	
			0,0009146	0,04					0,0009146	4,36	
			0,0009148	0,04					0,0009148	4,4	
			0,000915	0,04					0,000915	4,36	
			0,0009152	0,04					0,0009152	4,36	
			0,0009154	0,04					0,0009154	4,36	
			0,0009156	0,04					0,0009156	4,36	
			0,0009158	0,04					0,0009158	4,36	
			0,000916	0,04					0,000916	4,36	
			0,0009162	0,04					0,0009162	4,36	
			0,0009164	0,04					0,0009164	4,36	
			0,0009166	0,04					0,0009166	4,4	
			0,0009168	0,04					0,0009168	4,4	
			0,000917	0,04					0,000917	4,4	
			0,0009172	0,04					0,0009172	4,4	
			0,0009174	0					0,0009174	4,4	
			0,0009176	0,04					0,0009176	4,4	
			0,0009178	0,04					0,0009178	4,36	
			0,000918	0,04					0,000918	4,36	
			0,0009182	0,04					0,0009182	4,36	
			0,0009184	0,04					0,0009184	4,36	
			0,0009186	0					0,0009186	4,36	
			0,0009188	0					0,0009188	4,4	
			0,000919	0,04					0,000919	4,4	
			0,0009192	0,04					0,0009192	4,4	
			0,0009194	0					0,0009194	4,4	
			0,0009196	0					0,0009196	4,4	
			0,0009198	0					0,0009198	4,36	
			0,00092	0					0,00092	4,4	
			0,0009202	0					0,0009202	4,4	
			0,0009204	0,04					0,0009204	4,4	
			0,0009206	0					0,0009206	4,4	
			0,0009208	0					0,0009208	4,4	
			0,000921	0					0,000921	4,4	
			0,0009212	0					0,0009212	4,4	
			0,0009214	0					0,0009214	4,36	
			0,0009216	0					0,0009216	4,36	
			0,0009218	0					0,0009218	4,36	
			0,000922	0					0,000922	4,4	
			0,0009222	0					0,0009222	4,4	
			0,0009224	0					0,0009224	4,36	
			0,0009226	0					0,0009226	4,4	
			0,0009228	0					0,0009228	4,4	
			0,000923	0					0,000923	4,4	
			0,0009232	0					0,0009232	4,4	
			0,0009234	0					0,0009234	4,4	
			0,0009236	0,04					0,0009236	4,4	
			0,0009238	0,04					0,0009238	4,36	
			0,000924	0					0,000924	4,36	
			0,0009242	0,04					0,0009242	4,4	
			0,0009244	0,04					0,0009244	4,4	
			0,0009246	0					0,0009246	4,4	
			0,0009248	0					0,0009248	4,36	
			0,000925	0					0,000925	4,4	
			0,0009252	0					0,0009252	4,36	
			0,0009254	0					0,0009254	4,36	
			0,0009256	0					0,0009256	4,36	
			0,0009258	0,04					0,0009258	4,36	
			0,000926	0					0,000926	4,4	
			0,0009262	0					0,0009262	4,36	
			0,0009264	0,04					0,0009264	4,4	
			0,0009266	0,04					0,0009266	4,4	
			0,0009268	0,04					0,0009268	4,36	
			0,000927	0					0,000927	4,36	
			0,0009272	0,04					0,0009272	4,36	
			0,0009274	0,04					0,0009274	4,4	
			0,0009276	0,04					0,0009276	4,36	
			0,0009278	0,04					0,0009278	4,36	
			0,000928	0,04					0,000928	4,36	
			0,0009282	0,04					0,0009282	4,36	
			0,0009284	0					0,0009284	4,36	
			0,0009286	0,04					0,0009286	4,36	
			0,0009288	0,04					0,0009288	4,36	
			0,000929	0,04					0,000929	4,36	
			0,0009292	0,04					0,0009292	4,36	
			0,0009294	0,04					0,0009294	4,36	
			0,0009296	0,04					0,0009296	4,36	
			0,0009298	0,04					0,0009298	4,36	
			0,00093	0,04					0,00093	4,36	
			0,0009302	0,04					0,0009302	4,36	
			0,0009304	0,04					0,0009304	4,36	
			0,0009306	0,04					0,0009306	4,36	
			0,0009308	0,04					0,0009308	4,36	
			0,000931	0,04					0,000931	4,36	
			0,0009312	0,04					0,0009312	4,36	
			0,0009314	0,04					0,0009314	4,36	
			0,0009316	0,04					0,0009316	4,36	
			0,0009318	0,04					0,0009318	4,36	
			0,000932	0					0,000932	4,36	
			0,0009322	0,04					0,0009322	4,36	
			0,0009324	0,04					0,0009324	4,36	
			0,0009326	0,04					0,0009326	4,36	
			0,0009328	0,04					0,0009328	4,36	
			0,000933	0,04					0,000933	4,36	
			0,0009332	0,04					0,0009332	4,36	
			0,0009334	0,04					0,0009334	4,36	
			0,0009336	0,04					0,0009336	4,36	
			0,0009338	0,04					0,0009338	4,36	
			0,000934	0,04					0,000934	4,36	
			0,0009342	0,04					0,0009342	4,36	
			0,0009344	0,04					0,0009344	4,36	
			0,0009346	0,04					0,0009346	4,36	
			0,0009348	0,04					0,0009348	4,36	
			0,000935	0,04					0,000935	4,36	
			0,0009352	0,04					0,0009352	4,36	
			0,0009354	0,04					0,0009354	4,36	
			0,0009356	0					0,0009356	4,36	
			0,0009358	0,04					0,0009358	4,36	
			0,000936	0,04					0,000936	4,36	
			0,0009362	0,04					0,0009362	4,36	
			0,0009364	0,04					0,0009364	4,36	
			0,0009366	0,04					0,0009366	4,36	
			0,0009368	0,04					0,0009368	4,4	
			0,000937	0,04					0,000937	4,36	
			0,0009372	0,04					0,0009372	4,36	
			0,0009374	0					0,0009374	4,36	
			0,0009376	0,04					0,0009376	4,36	
			0,0009378	0					0,0009378	4,36	
			0,000938	0					0,000938	4,36	
			0,0009382	0					0,0009382	4,36	
			0,0009384	0					0,0009384	4,36	
			0,0009386	0					0,0009386	4,36	
			0,0009388	0					0,0009388	4,36	
			0,000939	0					0,000939	4,36	
			0,0009392	0					0,0009392	4,36	
			0,0009394	0					0,0009394	4,36	
			0,0009396	0					0,0009396	4,36	
			0,0009398	0					0,0009398	4,36	
			0,00094	0					0,00094	4,36	
			0,0009402	0					0,0009402	4,36	
			0,0009404	0					0,0009404	4,36	
			0,0009406	0					0,0009406	4,36	
			0,0009408	0					0,0009408	4,36	
			0,000941	0					0,000941	4,36	
			0,0009412	0					0,0009412	4,36	
			0,0009414	0					0,0009414	4,36	
			0,0009416	0					0,0009416	4,36	
			0,0009418	0					0,0009418	4,36	
			0,000942	0					0,000942	4,36	
			0,0009422	0					0,0009422	4,36	
			0,0009424	0					0,0009424	4,36	
			0,0009426	0					0,0009426	4,36	
			0,0009428	0					0,0009428	4,36	
			0,000943	0					0,000943	4,36	
			0,0009432	0					0,0009432	4,36	
			0,0009434	0,04					0,0009434	4,36	
			0,0009436	0					0,0009436	4,36	
			0,0009438	0					0,0009438	4,36	
			0,000944	0					0,000944	4,36	
			0,0009442	0					0,0009442	4,36	
			0,0009444	0					0,0009444	4,36	
			0,0009446	0					0,0009446	4,36	
			0,0009448	0					0,0009448	4,36	
			0,000945	0					0,000945	4,36	
			0,0009452	0					0,0009452	4,36	
			0,0009454	0					0,0009454	4,36	
			0,0009456	0,04					0,0009456	4,36	
			0,0009458	0					0,0009458	4,36	
			0,000946	0					0,000946	4,36	
			0,0009462	0					0,0009462	4,36	
			0,0009464	0,04					0,0009464	4,36	
			0,0009466	0,04					0,0009466	4,36	
			0,0009468	0					0,0009468	4,36	
			0,000947	0,04					0,000947	4,36	
			0,0009472	0,04					0,0009472	4,36	
			0,0009474	0					0,0009474	4,36	
			0,0009476	0					0,0009476	4,36	
			0,0009478	0,04					0,0009478	4,36	
			0,000948	0					0,000948	4,36	
			0,0009482	0,04					0,0009482	4,36	
			0,0009484	0,04					0,0009484	4,36	
			0,0009486	0,04					0,0009486	4,36	
			0,0009488	0,04					0,0009488	4,36	
			0,000949	0,04					0,000949	4,36	
			0,0009492	0,04					0,0009492	4,36	
			0,0009494	0,04					0,0009494	4,36	
			0,0009496	0,04					0,0009496	4,36	
			0,0009498	0,04					0,0009498	4,36	
			0,00095	0,04					0,00095	4,36	
			0,0009502	0,04					0,0009502	4,36	
			0,0009504	0,04					0,0009504	4,36	
			0,0009506	0,04					0,0009506	4,36	
			0,0009508	0,04					0,0009508	4,36	
			0,000951	0,04					0,000951	4,36	
			0,0009512	0					0,0009512	4,36	
			0,0009514	0,04					0,0009514	4,36	
			0,0009516	0,04					0,0009516	4,36	
			0,0009518	0					0,0009518	4,36	
			0,000952	0,04					0,000952	4,36	
			0,0009522	0,04					0,0009522	4,36	
			0,0009524	0					0,0009524	4,36	
			0,0009526	0					0,0009526	4,36	
			0,0009528	0,04					0,0009528	4,36	
			0,000953	0,04					0,000953	4,36	
			0,0009532	0,04					0,0009532	4,36	
			0,0009534	0,04					0,0009534	4,36	
			0,0009536	0,04					0,0009536	4,36	
			0,0009538	0,04					0,0009538	4,36	
			0,000954	0					0,000954	4,36	
			0,0009542	0,04					0,0009542	4,36	
			0,0009544	0,04					0,0009544	4,36	
			0,0009546	0,04					0,0009546	4,36	
			0,0009548	0,04					0,0009548	4,36	
			0,000955	0,04					0,000955	4,36	
			0,0009552	0,04					0,0009552	4,36	
			0,0009554	0					0,0009554	4,36	
			0,0009556	0					0,0009556	4,36	
			0,0009558	0,04					0,0009558	4,36	
			0,000956	0					0,000956	4,36	
			0,0009562	0					0,0009562	4,4	
			0,0009564	0					0,0009564	4,4	
			0,0009566	0					0,0009566	4,36	
			0,0009568	0					0,0009568	4,36	
			0,000957	0,04					0,000957	4,36	
			0,0009572	0					0,0009572	4,36	
			0,0009574	0,04					0,0009574	4,36	
			0,0009576	0					0,0009576	4,36	
			0,0009578	0					0,0009578	4,36	
			0,000958	0					0,000958	4,36	
			0,0009582	0					0,0009582	4,36	
			0,0009584	0					0,0009584	4,4	
			0,0009586	0					0,0009586	4,4	
			0,0009588	0					0,0009588	4,4	
			0,000959	0					0,000959	4,4	
			0,0009592	0					0,0009592	4,4	
			0,0009594	0					0,0009594	4,4	
			0,0009596	0					0,0009596	4,36	
			0,0009598	0					0,0009598	4,36	
			0,00096	0					0,00096	4,36	
			0,0009602	0					0,0009602	4,36	
			0,0009604	0					0,0009604	4,36	
			0,0009606	0					0,0009606	4,36	
			0,0009608	0					0,0009608	4,4	
			0,000961	0					0,000961	4,4	
			0,0009612	0					0,0009612	4,36	
			0,0009614	0					0,0009614	4,4	
			0,0009616	0					0,0009616	4,4	
			0,0009618	0					0,0009618	4,36	
			0,000962	0					0,000962	4,4	
			0,0009622	0					0,0009622	4,4	
			0,0009624	0					0,0009624	4,36	
			0,0009626	0					0,0009626	4,36	
			0,0009628	0					0,0009628	4,36	
			0,000963	0					0,000963	4,36	
			0,0009632	0					0,0009632	4,36	
			0,0009634	0					0,0009634	4,36	
			0,0009636	0					0,0009636	4,36	
			0,0009638	0					0,0009638	4,36	
			0,000964	0					0,000964	4,36	
			0,0009642	0					0,0009642	4,36	
			0,0009644	0,04					0,0009644	4,36	
			0,0009646	0					0,0009646	4,4	
			0,0009648	0					0,0009648	4,4	
			0,000965	0					0,000965	4,4	
			0,0009652	0					0,0009652	4,36	
			0,0009654	0,04					0,0009654	4,4	
			0,0009656	0,04					0,0009656	4,36	
			0,0009658	0,04					0,0009658	4,36	
			0,000966	0,04					0,000966	4,36	
			0,0009662	0,04					0,0009662	4,36	
			0,0009664	0,04					0,0009664	4,36	
			0,0009666	0					0,0009666	4,36	
			0,0009668	0,04					0,0009668	4,36	
			0,000967	0,04					0,000967	4,36	
			0,0009672	0,04					0,0009672	4,36	
			0,0009674	0,04					0,0009674	4,4	
			0,0009676	0,04					0,0009676	4,36	
			0,0009678	0,04					0,0009678	4,36	
			0,000968	0,04					0,000968	4,36	
			0,0009682	0,04					0,0009682	4,36	
			0,0009684	0,04					0,0009684	4,36	
			0,0009686	0,04					0,0009686	4,36	
			0,0009688	0,04					0,0009688	4,4	
			0,000969	0,04					0,000969	4,36	
			0,0009692	0,04					0,0009692	4,36	
			0,0009694	0,04					0,0009694	4,36	
			0,0009696	0,04					0,0009696	4,36	
			0,0009698	0,04					0,0009698	4,36	
			0,00097	0,04					0,00097	4,36	
			0,0009702	0,04					0,0009702	4,36	
			0,0009704	0,04					0,0009704	4,36	
			0,0009706	0,04					0,0009706	4,36	
			0,0009708	0,04					0,0009708	4,36	
			0,000971	0,04					0,000971	4,36	
			0,0009712	0,04					0,0009712	4,36	
			0,0009714	0,04					0,0009714	4,4	
			0,0009716	0,04					0,0009716	4,4	
			0,0009718	0,04					0,0009718	4,36	
			0,000972	0,04					0,000972	4,4	
			0,0009722	0,04					0,0009722	4,4	
			0,0009724	0,04					0,0009724	4,36	
			0,0009726	0,04					0,0009726	4,4	
			0,0009728	0,04					0,0009728	4,4	
			0,000973	0,04					0,000973	4,36	
			0,0009732	0,04					0,0009732	4,36	
			0,0009734	0,04					0,0009734	4,4	
			0,0009736	0,04					0,0009736	4,4	
			0,0009738	0,04					0,0009738	4,4	
			0,000974	0,04					0,000974	4,4	
			0,0009742	0,04					0,0009742	4,4	
			0,0009744	0,04					0,0009744	4,4	
			0,0009746	0,04					0,0009746	4,4	
			0,0009748	0,04					0,0009748	4,36	
			0,000975	0,04					0,000975	4,4	
			0,0009752	0,04					0,0009752	4,4	
			0,0009754	0					0,0009754	4,4	
			0,0009756	0,04					0,0009756	4,4	
			0,0009758	0,04					0,0009758	4,4	
			0,000976	0					0,000976	4,4	
			0,0009762	0,04					0,0009762	4,4	
			0,0009764	0					0,0009764	4,4	
			0,0009766	0					0,0009766	4,4	
			0,0009768	0					0,0009768	4,4	
			0,000977	0					0,000977	4,36	
			0,0009772	0					0,0009772	4,36	
			0,0009774	0					0,0009774	4,36	
			0,0009776	0					0,0009776	4,36	
			0,0009778	0					0,0009778	4,36	
			0,000978	0					0,000978	4,36	
			0,0009782	0					0,0009782	4,4	
			0,0009784	0					0,0009784	4,4	
			0,0009786	0					0,0009786	4,4	
			0,0009788	0,04					0,0009788	4,4	
			0,000979	0					0,000979	4,4	
			0,0009792	0					0,0009792	4,4	
			0,0009794	0					0,0009794	4,4	
			0,0009796	0					0,0009796	4,4	
			0,0009798	0,04					0,0009798	4,4	
			0,00098	0					0,00098	4,4	
			0,0009802	0					0,0009802	4,4	
			0,0009804	0					0,0009804	4,36	
			0,0009806	0					0,0009806	4,36	
			0,0009808	0					0,0009808	4,36	
			0,000981	0					0,000981	4,36	
			0,0009812	0					0,0009812	4,36	
			0,0009814	0					0,0009814	4,36	
			0,0009816	0					0,0009816	4,4	
			0,0009818	0					0,0009818	4,4	
			0,000982	0					0,000982	4,4	
			0,0009822	0,04					0,0009822	4,4	
			0,0009824	0,04					0,0009824	4,36	
			0,0009826	0					0,0009826	4,4	
			0,0009828	0,04					0,0009828	4,4	
			0,000983	0,04					0,000983	4,4	
			0,0009832	0					0,0009832	4,36	
			0,0009834	0					0,0009834	4,36	
			0,0009836	0,04					0,0009836	4,4	
			0,0009838	0					0,0009838	4,36	
			0,000984	0					0,000984	4,36	
			0,0009842	0,04					0,0009842	4,36	
			0,0009844	0					0,0009844	4,36	
			0,0009846	0					0,0009846	4,36	
			0,0009848	0					0,0009848	4,36	
			0,000985	0					0,000985	4,36	
			0,0009852	0,04					0,0009852	4,36	
			0,0009854	0,04					0,0009854	4,36	
			0,0009856	0,04					0,0009856	4,36	
			0,0009858	0,04					0,0009858	4,36	
			0,000986	0,04					0,000986	4,36	
			0,0009862	0,04					0,0009862	4,36	
			0,0009864	0,04					0,0009864	4,36	
			0,0009866	0,04					0,0009866	4,36	
			0,0009868	0,04					0,0009868	4,36	
			0,000987	0,04					0,000987	4,36	
			0,0009872	0,04					0,0009872	4,36	
			0,0009874	0,04					0,0009874	4,36	
			0,0009876	0					0,0009876	4,36	
			0,0009878	0,04					0,0009878	4,36	
			0,000988	0,04					0,000988	4,36	
			0,0009882	0,04					0,0009882	4,36	
			0,0009884	0,04					0,0009884	4,36	
			0,0009886	0,04					0,0009886	4,36	
			0,0009888	0,04					0,0009888	4,36	
			0,000989	0					0,000989	4,36	
			0,0009892	0,04					0,0009892	4,36	
			0,0009894	0,04					0,0009894	4,36	
			0,0009896	0,04					0,0009896	4,36	
			0,0009898	0,04					0,0009898	4,36	
			0,00099	0,04					0,00099	4,36	
			0,0009902	0,04					0,0009902	4,36	
			0,0009904	0,04					0,0009904	4,36	
			0,0009906	0,04					0,0009906	4,36	
			0,0009908	0,04					0,0009908	4,36	
			0,000991	0,04					0,000991	4,36	
			0,0009912	0,04					0,0009912	4,36	
			0,0009914	0					0,0009914	4,36	
			0,0009916	0,04					0,0009916	4,36	
			0,0009918	0,04					0,0009918	4,36	
			0,000992	0					0,000992	4,36	
			0,0009922	0,04					0,0009922	4,36	
			0,0009924	0,04					0,0009924	4,36	
			0,0009926	0,04					0,0009926	4,36	
			0,0009928	0,04					0,0009928	4,36	
			0,000993	0					0,000993	4,36	
			0,0009932	0,04					0,0009932	4,36	
			0,0009934	0,04					0,0009934	4,36	
			0,0009936	0,04					0,0009936	4,36	
			0,0009938	0					0,0009938	4,36	
			0,000994	0,04					0,000994	4,36	
			0,0009942	0					0,0009942	4,4	
			0,0009944	0					0,0009944	4,36	
			0,0009946	0					0,0009946	4,36	
			0,0009948	0,04					0,0009948	4,36	
			0,000995	0					0,000995	4,36	
			0,0009952	0					0,0009952	4,36	
			0,0009954	0					0,0009954	4,36	
			0,0009956	0					0,0009956	4,36	
			0,0009958	0					0,0009958	4,36	
			0,000996	0,04					0,000996	4,36	
			0,0009962	0					0,0009962	4,4	
			0,0009964	0					0,0009964	4,36	
			0,0009966	0					0,0009966	4,36	
			0,0009968	0					0,0009968	4,36	
			0,000997	0					0,000997	4,36	
			0,0009972	0					0,0009972	4,36	
			0,0009974	0					0,0009974	4,36	
			0,0009976	0					0,0009976	4,36	
			0,0009978	0					0,0009978	4,36	
			0,000998	0					0,000998	4,36	
			0,0009982	0					0,0009982	4,36	
			0,0009984	0					0,0009984	4,36	
			0,0009986	0					0,0009986	4,36	
			0,0009988	0					0,0009988	4,36	
			0,000999	0					0,000999	4,36	
			0,0009992	0					0,0009992	4,36	
			0,0009994	0					0,0009994	4,36	
			0,0009996	0					0,0009996	4,36	
			0,0009998	0					0,0009998	4,36	
			0,001	0					0,001	4,36	
			0,0010002	0					0,0010002	4,36	
			0,0010004	0					0,0010004	4,36	
			0,0010006	0					0,0010006	4,36	
			0,0010008	0					0,0010008	4,36	
			0,001001	0					0,001001	4,36	
			0,0010012	0					0,0010012	4,36	
			0,0010014	0					0,0010014	4,36	
			0,0010016	0					0,0010016	4,36	
			0,0010018	0					0,0010018	4,36	
			0,001002	0					0,001002	4,36	
			0,0010022	0					0,0010022	4,36	
			0,0010024	0					0,0010024	4,36	
			0,0010026	0					0,0010026	4,36	
			0,0010028	0,04					0,0010028	4,36	
			0,001003	0,04					0,001003	4,36	
			0,0010032	0					0,0010032	4,36	
			0,0010034	0,04					0,0010034	4,36	
			0,0010036	0,04					0,0010036	4,36	
			0,0010038	0					0,0010038	4,36	
			0,001004	0					0,001004	4,36	
			0,0010042	0					0,0010042	4,36	
			0,0010044	0					0,0010044	4,36	
			0,0010046	0					0,0010046	4,36	
			0,0010048	0					0,0010048	4,36	
			0,001005	0,04					0,001005	4,36	
			0,0010052	0					0,0010052	4,36	
			0,0010054	0,04					0,0010054	4,36	
			0,0010056	0,04					0,0010056	4,36	
			0,0010058	0,04					0,0010058	4,36	
			0,001006	0,04					0,001006	4,36	
			0,0010062	0,04					0,0010062	4,36	
			0,0010064	0,04					0,0010064	4,36	
			0,0010066	0,04					0,0010066	4,36	
			0,0010068	0,04					0,0010068	4,36	
			0,001007	0,04					0,001007	4,36	
			0,0010072	0,04					0,0010072	4,36	
			0,0010074	0,04					0,0010074	4,36	
			0,0010076	0,04					0,0010076	4,36	
			0,0010078	0,04					0,0010078	4,36	
			0,001008	0,04					0,001008	4,36	
			0,0010082	0,04					0,0010082	4,36	
			0,0010084	0,04					0,0010084	4,36	
			0,0010086	0,04					0,0010086	4,36	
			0,0010088	0,04					0,0010088	4,36	
			0,001009	0,04					0,001009	4,36	
			0,0010092	0,04					0,0010092	4,36	
			0,0010094	0,04					0,0010094	4,36	
			0,0010096	0,04					0,0010096	4,36	
			0,0010098	0,04					0,0010098	4,36	
			0,00101	0,04					0,00101	4,36	
			0,0010102	0,04					0,0010102	4,36	
			0,0010104	0,04					0,0010104	4,36	
			0,0010106	0					0,0010106	4,36	
			0,0010108	0,04					0,0010108	4,36	
			0,001011	0,04					0,001011	4,36	
			0,0010112	0					0,0010112	4,36	
			0,0010114	0,04					0,0010114	4,36	
			0,0010116	0,04					0,0010116	4,36	
			0,0010118	0					0,0010118	4,36	
			0,001012	0					0,001012	4,36	
			0,0010122	0,04					0,0010122	4,36	
			0,0010124	0,04					0,0010124	4,36	
			0,0010126	0					0,0010126	4,36	
			0,0010128	0,04					0,0010128	4,36	
			0,001013	0,04					0,001013	4,36	
			0,0010132	0					0,0010132	4,36	
			0,0010134	0					0,0010134	4,36	
			0,0010136	0					0,0010136	4,36	
			0,0010138	0					0,0010138	4,36	
			0,001014	0					0,001014	4,36	
			0,0010142	0					0,0010142	4,36	
			0,0010144	0					0,0010144	4,36	
			0,0010146	0					0,0010146	4,36	
			0,0010148	0					0,0010148	4,4	
			0,001015	0					0,001015	4,36	
			0,0010152	0					0,0010152	4,36	
			0,0010154	0,04					0,0010154	4,4	
			0,0010156	0					0,0010156	4,36	
			0,0010158	0					0,0010158	4,36	
			0,001016	0					0,001016	4,36	
			0,0010162	0					0,0010162	4,36	
			0,0010164	0					0,0010164	4,36	
			0,0010166	0					0,0010166	4,4	
			0,0010168	0					0,0010168	4,36	
			0,001017	0					0,001017	4,36	
			0,0010172	0					0,0010172	4,36	
			0,0010174	0					0,0010174	4,36	
			0,0010176	0					0,0010176	4,36	
			0,0010178	0					0,0010178	4,4	
			0,001018	0					0,001018	4,4	
			0,0010182	0					0,0010182	4,36	
			0,0010184	0					0,0010184	4,36	
			0,0010186	0					0,0010186	4,4	
			0,0010188	0					0,0010188	4,4	
			0,001019	0					0,001019	4,36	
			0,0010192	0					0,0010192	4,36	
			0,0010194	0					0,0010194	4,4	
			0,0010196	0					0,0010196	4,36	
			0,0010198	0					0,0010198	4,36	
			0,00102	0					0,00102	4,4	
			0,0010202	0					0,0010202	4,36	
			0,0010204	0					0,0010204	4,36	
			0,0010206	0					0,0010206	4,4	
			0,0010208	0					0,0010208	4,36	
			0,001021	0,04					0,001021	4,36	
			0,0010212	0					0,0010212	4,36	
			0,0010214	0,04					0,0010214	4,36	
			0,0010216	0					0,0010216	4,36	
			0,0010218	0					0,0010218	4,36	
			0,001022	0					0,001022	4,36	
			0,0010222	0					0,0010222	4,36	
			0,0010224	0,04					0,0010224	4,36	
			0,0010226	0,04					0,0010226	4,36	
			0,0010228	0,04					0,0010228	4,36	
			0,001023	0					0,001023	4,36	
			0,0010232	0					0,0010232	4,36	
			0,0010234	0,04					0,0010234	4,4	
			0,0010236	0,04					0,0010236	4,36	
			0,0010238	0,04					0,0010238	4,36	
			0,001024	0,04					0,001024	4,36	
			0,0010242	0,04					0,0010242	4,36	
			0,0010244	0					0,0010244	4,36	
			0,0010246	0					0,0010246	4,36	
			0,0010248	0,04					0,0010248	4,36	
			0,001025	0					0,001025	4,36	
			0,0010252	0,04					0,0010252	4,36	
			0,0010254	0,04					0,0010254	4,36	
			0,0010256	0,04					0,0010256	4,36	
			0,0010258	0,04					0,0010258	4,36	
			0,001026	0,04					0,001026	4,36	
			0,0010262	0,04					0,0010262	4,36	
			0,0010264	0,04					0,0010264	4,36	
			0,0010266	0,04					0,0010266	4,36	
			0,0010268	0,04					0,0010268	4,36	
			0,001027	0,04					0,001027	4,36	
			0,0010272	0,04					0,0010272	4,36	
			0,0010274	0					0,0010274	4,36	
			0,0010276	0					0,0010276	4,36	
			0,0010278	0,04					0,0010278	4,36	
			0,001028	0,04					0,001028	4,36	
			0,0010282	0					0,0010282	4,36	
			0,0010284	0,04					0,0010284	4,36	
			0,0010286	0					0,0010286	4,36	
			0,0010288	0					0,0010288	4,36	
			0,001029	0					0,001029	4,36	
			0,0010292	0,04					0,0010292	4,36	
			0,0010294	0,04					0,0010294	4,36	
			0,0010296	0					0,0010296	4,4	
			0,0010298	0,04					0,0010298	4,36	
			0,00103	0					0,00103	4,36	
			0,0010302	0					0,0010302	4,36	
			0,0010304	0					0,0010304	4,36	
			0,0010306	0					0,0010306	4,36	
			0,0010308	0					0,0010308	4,36	
			0,001031	0					0,001031	4,36	
			0,0010312	0					0,0010312	4,36	
			0,0010314	0					0,0010314	4,36	
			0,0010316	0					0,0010316	4,36	
			0,0010318	0					0,0010318	4,36	
			0,001032	0					0,001032	4,4	
			0,0010322	0,04					0,0010322	4,4	
			0,0010324	0					0,0010324	4,4	
			0,0010326	0					0,0010326	4,4	
			0,0010328	0					0,0010328	4,36	
			0,001033	0					0,001033	4,4	
			0,0010332	0					0,0010332	4,4	
			0,0010334	0					0,0010334	4,36	
			0,0010336	0					0,0010336	4,4	
			0,0010338	0					0,0010338	4,36	
			0,001034	0					0,001034	4,36	
			0,0010342	0					0,0010342	4,4	
			0,0010344	0					0,0010344	4,36	
			0,0010346	0					0,0010346	4,36	
			0,0010348	0					0,0010348	4,36	
			0,001035	0					0,001035	4,36	
			0,0010352	0					0,0010352	4,36	
			0,0010354	-0,04					0,0010354	4,4	
			0,0010356	-0,08					0,0010356	4,4	
			0,0010358	-0,12					0,0010358	4,36	
			0,001036	-0,12					0,001036	4,36	
			0,0010362	-0,2					0,0010362	4,36	
			0,0010364	-0,24					0,0010364	4,36	
			0,0010366	-0,28					0,0010366	4,36	
			0,0010368	-0,28					0,0010368	4,36	
			0,001037	-0,32					0,001037	4,36	
			0,0010372	-0,36					0,0010372	4,32	
			0,0010374	-0,4					0,0010374	4,32	
			0,0010376	-0,44					0,0010376	4,32	
			0,0010378	-0,44					0,0010378	4,32	
			0,001038	-0,48					0,001038	4,32	
			0,0010382	-0,52					0,0010382	4,32	
			0,0010384	-0,52					0,0010384	4,32	
			0,0010386	-0,52					0,0010386	4,28	
			0,0010388	-0,52					0,0010388	4,28	
			0,001039	-0,52					0,001039	4,28	
			0,0010392	-0,56					0,0010392	4,28	
			0,0010394	-0,6					0,0010394	4,24	
			0,0010396	-0,68					0,0010396	4,24	
			0,0010398	-0,8					0,0010398	4,24	
			0,00104	-0,88					0,00104	4,2	
			0,0010402	-1					0,0010402	4,2	
			0,0010404	-1,16					0,0010404	4,2	
			0,0010406	-1,32					0,0010406	4,16	
			0,0010408	-1,6					0,0010408	4,16	
			0,001041	-1,92					0,001041	4,12	
			0,0010412	-2,08					0,0010412	4,08	
			0,0010414	-2,16					0,0010414	4,08	
			0,0010416	-2,24					0,0010416	4,04	
			0,0010418	-2,28					0,0010418	4	
			0,001042	-2,24					0,001042	3,96	
			0,0010422	-2,24					0,0010422	3,96	
			0,0010424	-2,28					0,0010424	3,92	
			0,0010426	-2,28					0,0010426	3,88	
			0,0010428	-2,28					0,0010428	3,84	
			0,001043	-2,32					0,001043	3,84	
			0,0010432	-2,36					0,0010432	3,8	
			0,0010434	-2,36					0,0010434	3,76	
			0,0010436	-2,36					0,0010436	3,72	
			0,0010438	-2,32					0,0010438	3,72	
			0,001044	-2,32					0,001044	3,68	
			0,0010442	-2,28					0,0010442	3,64	
			0,0010444	-2,24					0,0010444	3,6	
			0,0010446	-2,2					0,0010446	3,6	
			0,0010448	-2,2					0,0010448	3,56	
			0,001045	-2,16					0,001045	3,52	
			0,0010452	-2,16					0,0010452	3,52	
			0,0010454	-2,12					0,0010454	3,48	
			0,0010456	-2,08					0,0010456	3,44	
			0,0010458	-2,08					0,0010458	3,44	
			0,001046	-2,04					0,001046	3,4	
			0,0010462	-2					0,0010462	3,36	
			0,0010464	-2					0,0010464	3,36	
			0,0010466	-1,96					0,0010466	3,32	
			0,0010468	-1,92					0,0010468	3,28	
			0,001047	-1,92					0,001047	3,28	
			0,0010472	-1,88					0,0010472	3,24	
			0,0010474	-1,88					0,0010474	3,2	
			0,0010476	-1,84					0,0010476	3,2	
			0,0010478	-1,84					0,0010478	3,16	
			0,001048	-1,8					0,001048	3,16	
			0,0010482	-1,76					0,0010482	3,12	
			0,0010484	-1,76					0,0010484	3,12	
			0,0010486	-1,76					0,0010486	3,08	
			0,0010488	-1,72					0,0010488	3,08	
			0,001049	-1,68					0,001049	3,04	
			0,0010492	-1,68					0,0010492	3,04	
			0,0010494	-1,68					0,0010494	3	
			0,0010496	-1,64					0,0010496	3	
			0,0010498	-1,64					0,0010498	2,96	
			0,00105	-1,6					0,00105	2,92	
			0,0010502	-1,6					0,0010502	2,92	
			0,0010504	-1,56					0,0010504	2,92	
			0,0010506	-1,56					0,0010506	2,88	
			0,0010508	-1,52					0,0010508	2,88	
			0,001051	-1,52					0,001051	2,84	
			0,0010512	-1,52					0,0010512	2,84	
			0,0010514	-1,48					0,0010514	2,8	
			0,0010516	-1,48					0,0010516	2,8	
			0,0010518	-1,44					0,0010518	2,8	
			0,001052	-1,44					0,001052	2,76	
			0,0010522	-1,4					0,0010522	2,76	
			0,0010524	-1,4					0,0010524	2,72	
			0,0010526	-1,4					0,0010526	2,72	
			0,0010528	-1,36					0,0010528	2,72	
			0,001053	-1,36					0,001053	2,68	
			0,0010532	-1,36					0,0010532	2,64	
			0,0010534	-1,32					0,0010534	2,64	
			0,0010536	-1,32					0,0010536	2,64	
			0,0010538	-1,28					0,0010538	2,6	
			0,001054	-1,28					0,001054	2,6	
			0,0010542	-1,28					0,0010542	2,6	
			0,0010544	-1,28					0,0010544	2,56	
			0,0010546	-1,24					0,0010546	2,56	
			0,0010548	-1,24					0,0010548	2,56	
			0,001055	-1,2					0,001055	2,52	
			0,0010552	-1,2					0,0010552	2,52	
			0,0010554	-1,2					0,0010554	2,52	
			0,0010556	-1,16					0,0010556	2,48	
			0,0010558	-1,16					0,0010558	2,48	
			0,001056	-1,16					0,001056	2,48	
			0,0010562	-1,16					0,0010562	2,44	
			0,0010564	-1,12					0,0010564	2,44	
			0,0010566	-1,12					0,0010566	2,44	
			0,0010568	-1,12					0,0010568	2,4	
			0,001057	-1,08					0,001057	2,4	
			0,0010572	-1,08					0,0010572	2,4	
			0,0010574	-1,08					0,0010574	2,36	
			0,0010576	-1,08					0,0010576	2,36	
			0,0010578	-1,04					0,0010578	2,36	
			0,001058	-1,04					0,001058	2,36	
			0,0010582	-1,04					0,0010582	2,32	
			0,0010584	-1,04					0,0010584	2,32	
			0,0010586	-1					0,0010586	2,32	
			0,0010588	-1					0,0010588	2,32	
			0,001059	-1					0,001059	2,28	
			0,0010592	-0,96					0,0010592	2,28	
			0,0010594	-0,96					0,0010594	2,28	
			0,0010596	-0,96					0,0010596	2,24	
			0,0010598	-0,96					0,0010598	2,24	
			0,00106	-0,92					0,00106	2,24	
			0,0010602	-0,92					0,0010602	2,24	
			0,0010604	-0,92					0,0010604	2,2	
			0,0010606	-0,92					0,0010606	2,2	
			0,0010608	-0,88					0,0010608	2,2	
			0,001061	-0,88					0,001061	2,2	
			0,0010612	-0,88					0,0010612	2,16	
			0,0010614	-0,88					0,0010614	2,16	
			0,0010616	-0,88					0,0010616	2,16	
			0,0010618	-0,84					0,0010618	2,16	
			0,001062	-0,84					0,001062	2,12	
			0,0010622	-0,84					0,0010622	2,12	
			0,0010624	-0,84					0,0010624	2,12	
			0,0010626	-0,8					0,0010626	2,12	
			0,0010628	-0,8					0,0010628	2,12	
			0,001063	-0,8					0,001063	2,12	
			0,0010632	-0,8					0,0010632	2,08	
			0,0010634	-0,8					0,0010634	2,08	
			0,0010636	-0,8					0,0010636	2,08	
			0,0010638	-0,76					0,0010638	2,08	
			0,001064	-0,76					0,001064	2,08	
			0,0010642	-0,76					0,0010642	2,04	
			0,0010644	-0,76					0,0010644	2,04	
			0,0010646	-0,76					0,0010646	2,04	
			0,0010648	-0,72					0,0010648	2,04	
			0,001065	-0,72					0,001065	2	
			0,0010652	-0,72					0,0010652	2	
			0,0010654	-0,72					0,0010654	2	
			0,0010656	-0,72					0,0010656	2	
			0,0010658	-0,68					0,0010658	2	
			0,001066	-0,68					0,001066	2	
			0,0010662	-0,68					0,0010662	2	
			0,0010664	-0,68					0,0010664	2	
			0,0010666	-0,68					0,0010666	1,96	
			0,0010668	-0,68					0,0010668	1,96	
			0,001067	-0,64					0,001067	1,96	
			0,0010672	-0,64					0,0010672	1,96	
			0,0010674	-0,64					0,0010674	1,96	
			0,0010676	-0,64					0,0010676	1,92	
			0,0010678	-0,64					0,0010678	1,92	
			0,001068	-0,64					0,001068	1,92	
			0,0010682	-0,64					0,0010682	1,92	
			0,0010684	-0,6					0,0010684	1,92	
			0,0010686	-0,6					0,0010686	1,92	
			0,0010688	-0,6					0,0010688	1,88	
			0,001069	-0,6					0,001069	1,88	
			0,0010692	-0,6					0,0010692	1,88	
			0,0010694	-0,56					0,0010694	1,88	
			0,0010696	-0,56					0,0010696	1,88	
			0,0010698	-0,56					0,0010698	1,88	
			0,00107	-0,56					0,00107	1,88	
			0,0010702	-0,56					0,0010702	1,84	
			0,0010704	-0,56					0,0010704	1,84	
			0,0010706	-0,56					0,0010706	1,84	
			0,0010708	-0,56					0,0010708	1,84	
			0,001071	-0,56					0,001071	1,84	
			0,0010712	-0,56					0,0010712	1,84	
			0,0010714	-0,52					0,0010714	1,84	
			0,0010716	-0,52					0,0010716	1,84	
			0,0010718	-0,52					0,0010718	1,8	
			0,001072	-0,52					0,001072	1,8	
			0,0010722	-0,52					0,0010722	1,8	
			0,0010724	-0,52					0,0010724	1,8	
			0,0010726	-0,48					0,0010726	1,8	
			0,0010728	-0,48					0,0010728	1,8	
			0,001073	-0,48					0,001073	1,8	
			0,0010732	-0,48					0,0010732	1,76	
			0,0010734	-0,48					0,0010734	1,76	
			0,0010736	-0,48					0,0010736	1,76	
			0,0010738	-0,48					0,0010738	1,76	
			0,001074	-0,44					0,001074	1,76	
			0,0010742	-0,48					0,0010742	1,76	
			0,0010744	-0,44					0,0010744	1,72	
			0,0010746	-0,44					0,0010746	1,72	
			0,0010748	-0,44					0,0010748	1,72	
			0,001075	-0,44					0,001075	1,72	
			0,0010752	-0,44					0,0010752	1,72	
			0,0010754	-0,44					0,0010754	1,72	
			0,0010756	-0,44					0,0010756	1,72	
			0,0010758	-0,44					0,0010758	1,72	
			0,001076	-0,44					0,001076	1,68	
			0,0010762	-0,4					0,0010762	1,68	
			0,0010764	-0,4					0,0010764	1,68	
			0,0010766	-0,4					0,0010766	1,68	
			0,0010768	-0,4					0,0010768	1,68	
			0,001077	-0,4					0,001077	1,68	
			0,0010772	-0,4					0,0010772	1,68	
			0,0010774	-0,4					0,0010774	1,68	
			0,0010776	-0,36					0,0010776	1,68	
			0,0010778	-0,36					0,0010778	1,64	
			0,001078	-0,36					0,001078	1,64	
			0,0010782	-0,36					0,0010782	1,64	
			0,0010784	-0,36					0,0010784	1,64	
			0,0010786	-0,36					0,0010786	1,64	
			0,0010788	-0,36					0,0010788	1,64	
			0,001079	-0,32					0,001079	1,64	
			0,0010792	-0,36					0,0010792	1,64	
			0,0010794	-0,32					0,0010794	1,64	
			0,0010796	-0,32					0,0010796	1,6	
			0,0010798	-0,32					0,0010798	1,6	
			0,00108	-0,32					0,00108	1,6	
			0,0010802	-0,32					0,0010802	1,6	
			0,0010804	-0,32					0,0010804	1,6	
			0,0010806	-0,32					0,0010806	1,6	
			0,0010808	-0,32					0,0010808	1,6	
			0,001081	-0,32					0,001081	1,6	
			0,0010812	-0,28					0,0010812	1,6	
			0,0010814	-0,28					0,0010814	1,56	
			0,0010816	-0,28					0,0010816	1,56	
			0,0010818	-0,28					0,0010818	1,56	
			0,001082	-0,28					0,001082	1,56	
			0,0010822	-0,28					0,0010822	1,56	
			0,0010824	-0,28					0,0010824	1,56	
			0,0010826	-0,28					0,0010826	1,56	
			0,0010828	-0,28					0,0010828	1,56	
			0,001083	-0,28					0,001083	1,56	
			0,0010832	-0,24					0,0010832	1,56	
			0,0010834	-0,24					0,0010834	1,56	
			0,0010836	-0,24					0,0010836	1,52	
			0,0010838	-0,24					0,0010838	1,52	
			0,001084	-0,24					0,001084	1,52	
			0,0010842	-0,24					0,0010842	1,52	
			0,0010844	-0,24					0,0010844	1,52	
			0,0010846	-0,24					0,0010846	1,52	
			0,0010848	-0,24					0,0010848	1,52	
			0,001085	-0,2					0,001085	1,52	
			0,0010852	-0,2					0,0010852	1,52	
			0,0010854	-0,2					0,0010854	1,52	
			0,0010856	-0,2					0,0010856	1,52	
			0,0010858	-0,2					0,0010858	1,48	
			0,001086	-0,2					0,001086	1,48	
			0,0010862	-0,2					0,0010862	1,48	
			0,0010864	-0,2					0,0010864	1,48	
			0,0010866	-0,2					0,0010866	1,48	
			0,0010868	-0,2					0,0010868	1,48	
			0,001087	-0,2					0,001087	1,48	
			0,0010872	-0,2					0,0010872	1,48	
			0,0010874	-0,2					0,0010874	1,48	
			0,0010876	-0,2					0,0010876	1,48	
			0,0010878	-0,16					0,0010878	1,48	
			0,001088	-0,2					0,001088	1,48	
			0,0010882	-0,16					0,0010882	1,48	
			0,0010884	-0,16					0,0010884	1,48	
			0,0010886	-0,16					0,0010886	1,44	
			0,0010888	-0,16					0,0010888	1,44	
			0,001089	-0,16					0,001089	1,44	
			0,0010892	-0,16					0,0010892	1,44	
			0,0010894	-0,16					0,0010894	1,44	
			0,0010896	-0,16					0,0010896	1,44	
			0,0010898	-0,16					0,0010898	1,44	
			0,00109	-0,16					0,00109	1,44	
			0,0010902	-0,16					0,0010902	1,44	
			0,0010904	-0,16					0,0010904	1,44	
			0,0010906	-0,16					0,0010906	1,44	
			0,0010908	-0,16					0,0010908	1,44	
			0,001091	-0,16					0,001091	1,44	
			0,0010912	-0,16					0,0010912	1,44	
			0,0010914	-0,12					0,0010914	1,44	
			0,0010916	-0,12					0,0010916	1,44	
			0,0010918	-0,12					0,0010918	1,4	
			0,001092	-0,12					0,001092	1,4	
			0,0010922	-0,12					0,0010922	1,4	
			0,0010924	-0,12					0,0010924	1,4	
			0,0010926	-0,12					0,0010926	1,4	
			0,0010928	-0,12					0,0010928	1,4	
			0,001093	-0,12					0,001093	1,4	
			0,0010932	-0,12					0,0010932	1,4	
			0,0010934	-0,12					0,0010934	1,4	
			0,0010936	-0,12					0,0010936	1,4	
			0,0010938	-0,12					0,0010938	1,4	
			0,001094	-0,12					0,001094	1,4	
			0,0010942	-0,12					0,0010942	1,4	
			0,0010944	-0,12					0,0010944	1,4	
			0,0010946	-0,12					0,0010946	1,4	
			0,0010948	-0,08					0,0010948	1,4	
			0,001095	-0,08					0,001095	1,4	
			0,0010952	-0,08					0,0010952	1,4	
			0,0010954	-0,08					0,0010954	1,36	
			0,0010956	-0,08					0,0010956	1,36	
			0,0010958	-0,08					0,0010958	1,36	
			0,001096	-0,08					0,001096	1,36	
			0,0010962	-0,08					0,0010962	1,36	
			0,0010964	-0,08					0,0010964	1,36	
			0,0010966	-0,08					0,0010966	1,36	
			0,0010968	-0,08					0,0010968	1,36	
			0,001097	-0,08					0,001097	1,36	
			0,0010972	-0,08					0,0010972	1,36	
			0,0010974	-0,08					0,0010974	1,36	
			0,0010976	-0,08					0,0010976	1,36	
			0,0010978	-0,08					0,0010978	1,36	
			0,001098	-0,04					0,001098	1,36	
			0,0010982	-0,08					0,0010982	1,36	
			0,0010984	-0,04					0,0010984	1,36	
			0,0010986	-0,08					0,0010986	1,36	
			0,0010988	-0,04					0,0010988	1,36	
			0,001099	-0,04					0,001099	1,36	
			0,0010992	-0,08					0,0010992	1,36	
			0,0010994	-0,04					0,0010994	1,36	
			0,0010996	-0,04					0,0010996	1,36	
			0,0010998	-0,04					0,0010998	1,36	
			0,0011	-0,04					0,0011	1,36	
			0,0011002	-0,04					0,0011002	1,36	
			0,0011004	-0,04					0,0011004	1,32	
			0,0011006	-0,04					0,0011006	1,32	
			0,0011008	-0,04					0,0011008	1,36	
			0,001101	-0,04					0,001101	1,36	
			0,0011012	-0,04					0,0011012	1,32	
			0,0011014	-0,04					0,0011014	1,32	
			0,0011016	-0,04					0,0011016	1,32	
			0,0011018	-0,04					0,0011018	1,32	
			0,001102	-0,04					0,001102	1,32	
			0,0011022	-0,04					0,0011022	1,32	
			0,0011024	-0,04					0,0011024	1,32	
			0,0011026	-0,04					0,0011026	1,32	
			0,0011028	-0,04					0,0011028	1,32	
			0,001103	-0,04					0,001103	1,32	
			0,0011032	-0,04					0,0011032	1,32	
			0,0011034	-0,04					0,0011034	1,32	
			0,0011036	-0,04					0,0011036	1,32	
			0,0011038	-0,04					0,0011038	1,32	
			0,001104	-0,04					0,001104	1,32	
			0,0011042	-0,04					0,0011042	1,32	
			0,0011044	-0,04					0,0011044	1,32	
			0,0011046	-0,04					0,0011046	1,32	
			0,0011048	-0,04					0,0011048	1,32	
			0,001105	-0,04					0,001105	1,32	
			0,0011052	-0,04					0,0011052	1,32	
			0,0011054	-0,04					0,0011054	1,32	
			0,0011056	-0,04					0,0011056	1,32	
			0,0011058	-0,04					0,0011058	1,32	
			0,001106	-0,04					0,001106	1,32	
			0,0011062	-0,04					0,0011062	1,32	
			0,0011064	-0,04					0,0011064	1,32	
			0,0011066	-0,04					0,0011066	1,32	
			0,0011068	-0,04					0,0011068	1,32	
			0,001107	-0,04					0,001107	1,32	
			0,0011072	-0,04					0,0011072	1,32	
			0,0011074	-0,04					0,0011074	1,32	
			0,0011076	-0,04					0,0011076	1,32	
			0,0011078	-0,04					0,0011078	1,32	
			0,001108	-0,04					0,001108	1,32	
			0,0011082	-0,04					0,0011082	1,32	
			0,0011084	-0,04					0,0011084	1,32	
			0,0011086	-0,04					0,0011086	1,32	
			0,0011088	-0,04					0,0011088	1,32	
			0,001109	-0,04					0,001109	1,32	
			0,0011092	-0,04					0,0011092	1,32	
			0,0011094	-0,04					0,0011094	1,32	
			0,0011096	-0,04					0,0011096	1,32	
			0,0011098	-0,04					0,0011098	1,32	
			0,00111	-0,04					0,00111	1,32	
			0,0011102	-0,04					0,0011102	1,32	
			0,0011104	-0,04					0,0011104	1,32	
			0,0011106	-0,04					0,0011106	1,32	
			0,0011108	-0,04					0,0011108	1,32	
			0,001111	-0,04					0,001111	1,32	
			0,0011112	-0,04					0,0011112	1,32	
			0,0011114	-0,04					0,0011114	1,32	
			0,0011116	-0,04					0,0011116	1,32	
			0,0011118	-0,04					0,0011118	1,32	
			0,001112	-0,04					0,001112	1,32	
			0,0011122	-0,04					0,0011122	1,32	
			0,0011124	-0,04					0,0011124	1,32	
			0,0011126	-0,04					0,0011126	1,32	
			0,0011128	-0,04					0,0011128	1,32	
			0,001113	-0,04					0,001113	1,32	
			0,0011132	-0,04					0,0011132	1,32	
			0,0011134	-0,04					0,0011134	1,32	
			0,0011136	-0,04					0,0011136	1,32	
			0,0011138	-0,04					0,0011138	1,32	
			0,001114	-0,04					0,001114	1,32	
			0,0011142	-0,04					0,0011142	1,32	
			0,0011144	-0,04					0,0011144	1,32	
			0,0011146	-0,04					0,0011146	1,32	
			0,0011148	-0,04					0,0011148	1,32	
			0,001115	-0,04					0,001115	1,32	
			0,0011152	-0,04					0,0011152	1,32	
			0,0011154	-0,04					0,0011154	1,32	
			0,0011156	-0,04					0,0011156	1,32	
			0,0011158	-0,04					0,0011158	1,32	
			0,001116	-0,04					0,001116	1,32	
			0,0011162	-0,04					0,0011162	1,32	
			0,0011164	-0,04					0,0011164	1,32	
			0,0011166	-0,04					0,0011166	1,32	
			0,0011168	-0,04					0,0011168	1,32	
			0,001117	-0,04					0,001117	1,32	
			0,0011172	-0,04					0,0011172	1,32	
			0,0011174	-0,04					0,0011174	1,32	
			0,0011176	-0,04					0,0011176	1,32	
			0,0011178	-0,04					0,0011178	1,32	
			0,001118	-0,04					0,001118	1,32	
			0,0011182	-0,04					0,0011182	1,32	
			0,0011184	-0,04					0,0011184	1,32	
			0,0011186	-0,04					0,0011186	1,32	
			0,0011188	-0,04					0,0011188	1,32	
			0,001119	-0,04					0,001119	1,32	
			0,0011192	-0,04					0,0011192	1,32	
			0,0011194	-0,04					0,0011194	1,32	
			0,0011196	-0,04					0,0011196	1,32	
			0,0011198	-0,04					0,0011198	1,32	
			0,00112	-0,04					0,00112	1,32	
			0,0011202	-0,04					0,0011202	1,32	
			0,0011204	-0,04					0,0011204	1,32	
			0,0011206	-0,04					0,0011206	1,32	
			0,0011208	-0,04					0,0011208	1,32	
			0,001121	-0,04					0,001121	1,32	
			0,0011212	-0,04					0,0011212	1,32	
			0,0011214	-0,04					0,0011214	1,32	
			0,0011216	-0,04					0,0011216	1,32	
			0,0011218	-0,04					0,0011218	1,32	
			0,001122	-0,04					0,001122	1,32	
			0,0011222	-0,04					0,0011222	1,32	
			0,0011224	-0,04					0,0011224	1,32	
			0,0011226	-0,04					0,0011226	1,32	
			0,0011228	-0,04					0,0011228	1,32	
			0,001123	-0,04					0,001123	1,32	
			0,0011232	-0,04					0,0011232	1,32	
			0,0011234	-0,04					0,0011234	1,32	
			0,0011236	-0,04					0,0011236	1,32	
			0,0011238	-0,04					0,0011238	1,32	
			0,001124	-0,04					0,001124	1,32	
			0,0011242	-0,04					0,0011242	1,32	
			0,0011244	-0,04					0,0011244	1,32	
			0,0011246	-0,04					0,0011246	1,32	
			0,0011248	-0,04					0,0011248	1,32	
			0,001125	-0,04					0,001125	1,32	
			0,0011252	-0,04					0,0011252	1,32	
			0,0011254	-0,04					0,0011254	1,32	
			0,0011256	-0,04					0,0011256	1,32	
			0,0011258	-0,04					0,0011258	1,32	
			0,001126	-0,04					0,001126	1,32	
			0,0011262	-0,04					0,0011262	1,32	
			0,0011264	-0,04					0,0011264	1,32	
			0,0011266	-0,04					0,0011266	1,32	
			0,0011268	-0,04					0,0011268	1,32	
			0,001127	-0,04					0,001127	1,32	
			0,0011272	-0,04					0,0011272	1,32	
			0,0011274	-0,04					0,0011274	1,32	
			0,0011276	-0,04					0,0011276	1,32	
			0,0011278	-0,04					0,0011278	1,32	
			0,001128	-0,04					0,001128	1,32	
			0,0011282	-0,04					0,0011282	1,32	
			0,0011284	-0,04					0,0011284	1,32	
			0,0011286	-0,04					0,0011286	1,32	
			0,0011288	-0,04					0,0011288	1,32	
			0,001129	-0,04					0,001129	1,32	
			0,0011292	-0,04					0,0011292	1,32	
			0,0011294	-0,04					0,0011294	1,32	
			0,0011296	-0,04					0,0011296	1,32	
			0,0011298	-0,04					0,0011298	1,32	
			0,00113	-0,04					0,00113	1,32	
			0,0011302	-0,04					0,0011302	1,32	
			0,0011304	-0,04					0,0011304	1,32	
			0,0011306	-0,04					0,0011306	1,32	
			0,0011308	-0,04					0,0011308	1,32	
			0,001131	-0,04					0,001131	1,32	
			0,0011312	-0,04					0,0011312	1,32	
			0,0011314	-0,04					0,0011314	1,32	
			0,0011316	-0,04					0,0011316	1,32	
			0,0011318	-0,04					0,0011318	1,32	
			0,001132	-0,04					0,001132	1,32	
			0,0011322	-0,04					0,0011322	1,32	
			0,0011324	-0,04					0,0011324	1,32	
			0,0011326	-0,04					0,0011326	1,32	
			0,0011328	-0,04					0,0011328	1,32	
			0,001133	-0,04					0,001133	1,32	
			0,0011332	-0,04					0,0011332	1,32	
			0,0011334	-0,04					0,0011334	1,32	
			0,0011336	-0,04					0,0011336	1,32	
			0,0011338	-0,04					0,0011338	1,32	
			0,001134	-0,04					0,001134	1,32	
			0,0011342	-0,04					0,0011342	1,32	
			0,0011344	-0,04					0,0011344	1,32	
			0,0011346	-0,04					0,0011346	1,32	
			0,0011348	-0,04					0,0011348	1,32	
			0,001135	-0,04					0,001135	1,32	
			0,0011352	-0,04					0,0011352	1,32	
			0,0011354	-0,04					0,0011354	1,32	
			0,0011356	-0,04					0,0011356	1,32	
			0,0011358	-0,04					0,0011358	1,32	
			0,001136	-0,04					0,001136	1,32	
			0,0011362	-0,04					0,0011362	1,32	
			0,0011364	-0,04					0,0011364	1,28	
			0,0011366	0					0,0011366	1,32	
			0,0011368	0					0,0011368	1,32	
			0,001137	-0,04					0,001137	1,28	
			0,0011372	0					0,0011372	1,28	
			0,0011374	0					0,0011374	1,28	
			0,0011376	0					0,0011376	1,28	
			0,0011378	0					0,0011378	1,28	
			0,001138	0					0,001138	1,28	
			0,0011382	0					0,0011382	1,28	
			0,0011384	0					0,0011384	1,28	
			0,0011386	0					0,0011386	1,28	
			0,0011388	0					0,0011388	1,28	
			0,001139	-0,04					0,001139	1,28	
			0,0011392	0					0,0011392	1,28	
			0,0011394	0					0,0011394	1,32	
			0,0011396	0					0,0011396	1,28	
			0,0011398	0					0,0011398	1,28	
			0,00114	0					0,00114	1,28	
			0,0011402	0					0,0011402	1,28	
			0,0011404	0					0,0011404	1,28	
			0,0011406	0					0,0011406	1,28	
			0,0011408	0					0,0011408	1,28	
			0,001141	0					0,001141	1,28	
			0,0011412	0					0,0011412	1,28	
			0,0011414	0					0,0011414	1,28	
			0,0011416	0					0,0011416	1,28	
			0,0011418	0					0,0011418	1,28	
			0,001142	0					0,001142	1,28	
			0,0011422	0					0,0011422	1,28	
			0,0011424	0					0,0011424	1,28	
			0,0011426	0					0,0011426	1,28	
			0,0011428	0					0,0011428	1,28	
			0,001143	0					0,001143	1,28	
			0,0011432	0					0,0011432	1,28	
			0,0011434	0					0,0011434	1,28	
			0,0011436	0					0,0011436	1,28	
			0,0011438	0					0,0011438	1,28	
			0,001144	0					0,001144	1,28	
			0,0011442	0					0,0011442	1,28	
			0,0011444	0					0,0011444	1,28	
			0,0011446	0					0,0011446	1,28	
			0,0011448	0					0,0011448	1,28	
			0,001145	0					0,001145	1,28	
			0,0011452	0					0,0011452	1,28	
			0,0011454	0					0,0011454	1,28	
			0,0011456	0					0,0011456	1,28	
			0,0011458	0					0,0011458	1,28	
			0,001146	0					0,001146	1,28	
			0,0011462	0					0,0011462	1,28	
			0,0011464	0					0,0011464	1,28	
			0,0011466	0					0,0011466	1,28	
			0,0011468	0					0,0011468	1,28	
			0,001147	0					0,001147	1,28	
			0,0011472	0					0,0011472	1,28	
			0,0011474	0					0,0011474	1,28	
			0,0011476	0					0,0011476	1,28	
			0,0011478	0					0,0011478	1,28	
			0,001148	0					0,001148	1,28	
			0,0011482	0					0,0011482	1,28	
			0,0011484	0					0,0011484	1,28	
			0,0011486	0					0,0011486	1,28	
			0,0011488	0					0,0011488	1,28	
			0,001149	0					0,001149	1,28	
			0,0011492	0					0,0011492	1,28	
			0,0011494	0					0,0011494	1,28	
			0,0011496	0					0,0011496	1,28	
			0,0011498	0					0,0011498	1,28	
			0,00115	0					0,00115	1,28	
			0,0011502	0					0,0011502	1,28	
			0,0011504	0					0,0011504	1,28	
			0,0011506	0					0,0011506	1,28	
			0,0011508	0					0,0011508	1,28	
			0,001151	0					0,001151	1,28	
			0,0011512	0					0,0011512	1,28	
			0,0011514	0					0,0011514	1,28	
			0,0011516	0					0,0011516	1,28	
			0,0011518	0					0,0011518	1,28	
			0,001152	0					0,001152	1,28	
			0,0011522	0					0,0011522	1,28	
			0,0011524	0					0,0011524	1,28	
			0,0011526	0					0,0011526	1,28	
			0,0011528	0					0,0011528	1,28	
			0,001153	0					0,001153	1,24	
			0,0011532	0					0,0011532	1,28	
			0,0011534	0					0,0011534	1,28	
			0,0011536	0					0,0011536	1,24	
			0,0011538	0,04					0,0011538	1,28	
			0,001154	0					0,001154	1,28	
			0,0011542	0					0,0011542	1,24	
			0,0011544	0					0,0011544	1,24	
			0,0011546	0,04					0,0011546	1,28	
			0,0011548	0,04					0,0011548	1,28	
			0,001155	0,04					0,001155	1,28	
			0,0011552	0,04					0,0011552	1,28	
			0,0011554	0,04					0,0011554	1,28	
			0,0011556	0,04					0,0011556	1,24	
			0,0011558	0,04					0,0011558	1,24	
			0,001156	0,04					0,001156	1,24	
			0,0011562	0,04					0,0011562	1,24	
			0,0011564	0,04					0,0011564	1,24	
			0,0011566	0,04					0,0011566	1,28	
			0,0011568	0,04					0,0011568	1,24	
			0,001157	0,04					0,001157	1,24	
			0,0011572	0,04					0,0011572	1,24	
			0,0011574	0,04					0,0011574	1,24	
			0,0011576	0,04					0,0011576	1,24	
			0,0011578	0,04					0,0011578	1,24	
			0,001158	0,04					0,001158	1,24	
			0,0011582	0,04					0,0011582	1,24	
			0,0011584	0,04					0,0011584	1,28	
			0,0011586	0,04					0,0011586	1,28	
			0,0011588	0,04					0,0011588	1,28	
			0,001159	0,04					0,001159	1,24	
			0,0011592	0,04					0,0011592	1,24	
			0,0011594	0,04					0,0011594	1,24	
			0,0011596	0,04					0,0011596	1,24	
			0,0011598	0,04					0,0011598	1,24	
			0,00116	0,04					0,00116	1,24	
			0,0011602	0,04					0,0011602	1,24	
			0,0011604	0,04					0,0011604	1,24	
			0,0011606	0,04					0,0011606	1,24	
			0,0011608	0,04					0,0011608	1,28	
			0,001161	0,04					0,001161	1,28	
			0,0011612	0,04					0,0011612	1,28	
			0,0011614	0,04					0,0011614	1,28	
			0,0011616	0,04					0,0011616	1,24	
			0,0011618	0,04					0,0011618	1,28	
			0,001162	0,04					0,001162	1,28	
			0,0011622	0,04					0,0011622	1,28	
			0,0011624	0,04					0,0011624	1,24	
			0,0011626	0					0,0011626	1,24	
			0,0011628	0,04					0,0011628	1,28	
			0,001163	0					0,001163	1,24	
			0,0011632	0					0,0011632	1,28	
			0,0011634	0,04					0,0011634	1,28	
			0,0011636	0,04					0,0011636	1,28	
			0,0011638	0,04					0,0011638	1,28	
			0,001164	0					0,001164	1,28	
			0,0011642	0,04					0,0011642	1,28	
			0,0011644	0					0,0011644	1,28	
			0,0011646	0					0,0011646	1,28	
			0,0011648	0					0,0011648	1,28	
			0,001165	0					0,001165	1,28	
			0,0011652	0					0,0011652	1,28	
			0,0011654	0					0,0011654	1,28	
			0,0011656	0					0,0011656	1,28	
			0,0011658	0					0,0011658	1,28	
			0,001166	0					0,001166	1,28	
			0,0011662	0					0,0011662	1,28	
			0,0011664	0					0,0011664	1,28	
			0,0011666	0					0,0011666	1,28	
			0,0011668	0					0,0011668	1,28	
			0,001167	0					0,001167	1,28	
			0,0011672	0					0,0011672	1,28	
			0,0011674	0					0,0011674	1,28	
			0,0011676	0					0,0011676	1,28	
			0,0011678	0					0,0011678	1,28	
			0,001168	0					0,001168	1,28	
			0,0011682	0					0,0011682	1,28	
			0,0011684	0					0,0011684	1,28	
			0,0011686	0					0,0011686	1,28	
			0,0011688	0					0,0011688	1,28	
			0,001169	0					0,001169	1,28	
			0,0011692	0					0,0011692	1,28	
			0,0011694	0					0,0011694	1,28	
			0,0011696	0					0,0011696	1,28	
			0,0011698	0					0,0011698	1,28	
			0,00117	0					0,00117	1,28	
			0,0011702	0					0,0011702	1,28	
			0,0011704	0					0,0011704	1,28	
			0,0011706	0					0,0011706	1,28	
			0,0011708	0					0,0011708	1,28	
			0,001171	0					0,001171	1,28	
			0,0011712	0					0,0011712	1,28	
			0,0011714	0					0,0011714	1,28	
			0,0011716	0					0,0011716	1,28	
			0,0011718	0					0,0011718	1,28	
			0,001172	0					0,001172	1,28	
			0,0011722	0					0,0011722	1,28	
			0,0011724	0					0,0011724	1,28	
			0,0011726	0					0,0011726	1,28	
			0,0011728	0					0,0011728	1,28	
			0,001173	0					0,001173	1,28	
			0,0011732	0					0,0011732	1,28	
			0,0011734	0					0,0011734	1,28	
			0,0011736	0					0,0011736	1,28	
			0,0011738	0					0,0011738	1,28	
			0,001174	0					0,001174	1,28	
			0,0011742	0					0,0011742	1,28	
			0,0011744	0					0,0011744	1,28	
			0,0011746	0					0,0011746	1,28	
			0,0011748	0					0,0011748	1,28	
			0,001175	0					0,001175	1,28	
			0,0011752	0					0,0011752	1,28	
			0,0011754	0					0,0011754	1,28	
			0,0011756	0					0,0011756	1,28	
			0,0011758	0					0,0011758	1,28	
			0,001176	0					0,001176	1,28	
			0,0011762	0					0,0011762	1,28	
			0,0011764	0					0,0011764	1,28	
			0,0011766	0					0,0011766	1,28	
			0,0011768	0					0,0011768	1,28	
			0,001177	0					0,001177	1,28	
			0,0011772	0					0,0011772	1,28	
			0,0011774	0					0,0011774	1,28	
			0,0011776	0					0,0011776	1,28	
			0,0011778	0					0,0011778	1,28	
			0,001178	0					0,001178	1,28	
			0,0011782	0					0,0011782	1,28	
			0,0011784	0					0,0011784	1,28	
			0,0011786	0					0,0011786	1,28	
			0,0011788	0					0,0011788	1,28	
			0,001179	0					0,001179	1,28	
			0,0011792	0					0,0011792	1,28	
			0,0011794	0					0,0011794	1,28	
			0,0011796	0					0,0011796	1,28	
			0,0011798	0					0,0011798	1,28	
			0,00118	0					0,00118	1,28	
			0,0011802	0					0,0011802	1,28	
			0,0011804	0					0,0011804	1,28	
			0,0011806	0					0,0011806	1,28	
			0,0011808	0					0,0011808	1,28	
			0,001181	0					0,001181	1,28	
			0,0011812	0					0,0011812	1,28	
			0,0011814	0					0,0011814	1,28	
			0,0011816	0					0,0011816	1,28	
			0,0011818	0					0,0011818	1,28	
			0,001182	0					0,001182	1,28	
			0,0011822	0					0,0011822	1,28	
			0,0011824	0					0,0011824	1,28	
			0,0011826	0					0,0011826	1,28	
			0,0011828	0					0,0011828	1,28	
			0,001183	0					0,001183	1,28	
			0,0011832	0					0,0011832	1,28	
			0,0011834	0					0,0011834	1,32	
			0,0011836	0					0,0011836	1,28	
			0,0011838	0					0,0011838	1,28	
			0,001184	0					0,001184	1,28	
			0,0011842	0					0,0011842	1,28	
			0,0011844	0					0,0011844	1,28	
			0,0011846	0					0,0011846	1,28	
			0,0011848	0					0,0011848	1,28	
			0,001185	-0,04					0,001185	1,28	
			0,0011852	0					0,0011852	1,28	
			0,0011854	0					0,0011854	1,28	
			0,0011856	0					0,0011856	1,28	
			0,0011858	0					0,0011858	1,28	
			0,001186	0					0,001186	1,32	
			0,0011862	0					0,0011862	1,28	
			0,0011864	0					0,0011864	1,28	
			0,0011866	0					0,0011866	1,32	
			0,0011868	0					0,0011868	1,28	
			0,001187	0					0,001187	1,28	
			0,0011872	0					0,0011872	1,28	
			0,0011874	0					0,0011874	1,28	
			0,0011876	0					0,0011876	1,28	
			0,0011878	0					0,0011878	1,28	
			0,001188	0					0,001188	1,28	
			0,0011882	0					0,0011882	1,28	
			0,0011884	0					0,0011884	1,28	
			0,0011886	0					0,0011886	1,28	
			0,0011888	0					0,0011888	1,28	
			0,001189	0					0,001189	1,28	
			0,0011892	0					0,0011892	1,28	
			0,0011894	0					0,0011894	1,28	
			0,0011896	0					0,0011896	1,28	
			0,0011898	0					0,0011898	1,28	
			0,00119	0					0,00119	1,28	
			0,0011902	0					0,0011902	1,28	
			0,0011904	0					0,0011904	1,28	
			0,0011906	0					0,0011906	1,28	
			0,0011908	0					0,0011908	1,28	
			0,001191	0					0,001191	1,28	
			0,0011912	0					0,0011912	1,28	
			0,0011914	0					0,0011914	1,28	
			0,0011916	0					0,0011916	1,28	
			0,0011918	0					0,0011918	1,28	
			0,001192	0					0,001192	1,28	
			0,0011922	0					0,0011922	1,28	
			0,0011924	0					0,0011924	1,28	
			0,0011926	0					0,0011926	1,28	
			0,0011928	0					0,0011928	1,28	
			0,001193	0					0,001193	1,28	
			0,0011932	0					0,0011932	1,28	
			0,0011934	0					0,0011934	1,28	
			0,0011936	0					0,0011936	1,28	
			0,0011938	0					0,0011938	1,28	
			0,001194	0					0,001194	1,28	
			0,0011942	0					0,0011942	1,28	
			0,0011944	0					0,0011944	1,28	
			0,0011946	0					0,0011946	1,28	
			0,0011948	0					0,0011948	1,28	
			0,001195	0					0,001195	1,28	
			0,0011952	0					0,0011952	1,28	
			0,0011954	0					0,0011954	1,28	
			0,0011956	0					0,0011956	1,28	
			0,0011958	0					0,0011958	1,28	
			0,001196	0					0,001196	1,28	
			0,0011962	0					0,0011962	1,28	
			0,0011964	0					0,0011964	1,28	
			0,0011966	0					0,0011966	1,28	
			0,0011968	0					0,0011968	1,28	
			0,001197	0					0,001197	1,28	
			0,0011972	0					0,0011972	1,28	
			0,0011974	0					0,0011974	1,28	
			0,0011976	0					0,0011976	1,28	
			0,0011978	0					0,0011978	1,28	
			0,001198	0					0,001198	1,28	
			0,0011982	0					0,0011982	1,28	
			0,0011984	0					0,0011984	1,28	
			0,0011986	0					0,0011986	1,28	
			0,0011988	0					0,0011988	1,28	
			0,001199	0					0,001199	1,28	
			0,0011992	0					0,0011992	1,28	
			0,0011994	0					0,0011994	1,28	
			0,0011996	0					0,0011996	1,28	
			0,0011998	0					0,0011998	1,28	
			0,0012	0					0,0012	1,28	
			0,0012002	0					0,0012002	1,28	
			0,0012004	0					0,0012004	1,28	
			0,0012006	0					0,0012006	1,28	
			0,0012008	0					0,0012008	1,28	
			0,001201	0					0,001201	1,28	
			0,0012012	0					0,0012012	1,28	
			0,0012014	0					0,0012014	1,28	
			0,0012016	0					0,0012016	1,28	
			0,0012018	0					0,0012018	1,28	
			0,001202	0					0,001202	1,28	
			0,0012022	0					0,0012022	1,28	
			0,0012024	0					0,0012024	1,28	
			0,0012026	0					0,0012026	1,28	
			0,0012028	0					0,0012028	1,28	
			0,001203	0					0,001203	1,28	
			0,0012032	0					0,0012032	1,28	
			0,0012034	0					0,0012034	1,28	
			0,0012036	0					0,0012036	1,28	
			0,0012038	0					0,0012038	1,28	
			0,001204	0					0,001204	1,28	
			0,0012042	0					0,0012042	1,28	
			0,0012044	0					0,0012044	1,28	
			0,0012046	0					0,0012046	1,28	
			0,0012048	0					0,0012048	1,28	
			0,001205	0					0,001205	1,28	
			0,0012052	0					0,0012052	1,28	
			0,0012054	0					0,0012054	1,28	
			0,0012056	0					0,0012056	1,28	
			0,0012058	0					0,0012058	1,28	
			0,001206	0					0,001206	1,28	
			0,0012062	0					0,0012062	1,28	
			0,0012064	0					0,0012064	1,28	
			0,0012066	0					0,0012066	1,28	
			0,0012068	0					0,0012068	1,28	
			0,001207	0					0,001207	1,28	
			0,0012072	0					0,0012072	1,28	
			0,0012074	0					0,0012074	1,28	
			0,0012076	0					0,0012076	1,28	
			0,0012078	0					0,0012078	1,28	
			0,001208	0					0,001208	1,28	
			0,0012082	0					0,0012082	1,28	
			0,0012084	0					0,0012084	1,24	
			0,0012086	0					0,0012086	1,28	
			0,0012088	0					0,0012088	1,28	
			0,001209	0					0,001209	1,24	
			0,0012092	0					0,0012092	1,28	
			0,0012094	0					0,0012094	1,28	
			0,0012096	0					0,0012096	1,28	
			0,0012098	0					0,0012098	1,28	
			0,00121	0,04					0,00121	1,28	
			0,0012102	0,04					0,0012102	1,28	
			0,0012104	0,04					0,0012104	1,28	
			0,0012106	0					0,0012106	1,28	
			0,0012108	0					0,0012108	1,24	
			0,001211	0					0,001211	1,24	
			0,0012112	0					0,0012112	1,24	
			0,0012114	0					0,0012114	1,24	
			0,0012116	0					0,0012116	1,24	
			0,0012118	0					0,0012118	1,24	
			0,001212	0					0,001212	1,24	
			0,0012122	0					0,0012122	1,24	
			0,0012124	0					0,0012124	1,24	
			0,0012126	0,04					0,0012126	1,28	
			0,0012128	0,04					0,0012128	1,28	
			0,001213	0,04					0,001213	1,24	
			0,0012132	0,04					0,0012132	1,24	
			0,0012134	0,04					0,0012134	1,28	
			0,0012136	0					0,0012136	1,28	
			0,0012138	0,04					0,0012138	1,24	
			0,001214	0,04					0,001214	1,24	
			0,0012142	0,04					0,0012142	1,24	
			0,0012144	0,04					0,0012144	1,24	
			0,0012146	0,04					0,0012146	1,24	
			0,0012148	0,04					0,0012148	1,24	
			0,001215	0					0,001215	1,24	
			0,0012152	0,04					0,0012152	1,24	
			0,0012154	0,04					0,0012154	1,24	
			0,0012156	0,04					0,0012156	1,24	
			0,0012158	0,04					0,0012158	1,24	
			0,001216	0,04					0,001216	1,24	
			0,0012162	0,04					0,0012162	1,24	
			0,0012164	0,04					0,0012164	1,24	
			0,0012166	0,04					0,0012166	1,28	
			0,0012168	0,04					0,0012168	1,24	
			0,001217	0,04					0,001217	1,24	
			0,0012172	0,04					0,0012172	1,28	
			0,0012174	0,04					0,0012174	1,24	
			0,0012176	0					0,0012176	1,24	
			0,0012178	0					0,0012178	1,24	
			0,001218	0					0,001218	1,24	
			0,0012182	0					0,0012182	1,24	
			0,0012184	0,04					0,0012184	1,24	
			0,0012186	0					0,0012186	1,24	
			0,0012188	0					0,0012188	1,24	
			0,001219	0					0,001219	1,24	
			0,0012192	0					0,0012192	1,28	
			0,0012194	0					0,0012194	1,28	
			0,0012196	0					0,0012196	1,28	
			0,0012198	0					0,0012198	1,28	
			0,00122	0					0,00122	1,24	
			0,0012202	0					0,0012202	1,24	
			0,0012204	0					0,0012204	1,24	
			0,0012206	0,04					0,0012206	1,24	
			0,0012208	0					0,0012208	1,24	
			0,001221	0					0,001221	1,28	
			0,0012212	0					0,0012212	1,28	
			0,0012214	0					0,0012214	1,28	
			0,0012216	0					0,0012216	1,28	
			0,0012218	0					0,0012218	1,28	
			0,001222	0					0,001222	1,28	
			0,0012222	0					0,0012222	1,28	
			0,0012224	0					0,0012224	1,28	
			0,0012226	0					0,0012226	1,28	
			0,0012228	0					0,0012228	1,28	
			0,001223	0					0,001223	1,28	
			0,0012232	0					0,0012232	1,28	
			0,0012234	0					0,0012234	1,24	
			0,0012236	0					0,0012236	1,28	
			0,0012238	0					0,0012238	1,28	
			0,001224	0					0,001224	1,28	
			0,0012242	0					0,0012242	1,28	
			0,0012244	0					0,0012244	1,28	
			0,0012246	0					0,0012246	1,28	
			0,0012248	0					0,0012248	1,28	
			0,001225	0					0,001225	1,28	
			0,0012252	0					0,0012252	1,28	
			0,0012254	0					0,0012254	1,28	
			0,0012256	0					0,0012256	1,28	
			0,0012258	0					0,0012258	1,28	
			0,001226	0					0,001226	1,28	
			0,0012262	0					0,0012262	1,28	
			0,0012264	0					0,0012264	1,24	
			0,0012266	0					0,0012266	1,28	
			0,0012268	0					0,0012268	1,28	
			0,001227	0					0,001227	1,28	
			0,0012272	0					0,0012272	1,28	
			0,0012274	0					0,0012274	1,28	
			0,0012276	0					0,0012276	1,28	
			0,0012278	0					0,0012278	1,28	
			0,001228	0					0,001228	1,28	
			0,0012282	0					0,0012282	1,28	
			0,0012284	0					0,0012284	1,28	
			0,0012286	0					0,0012286	1,28	
			0,0012288	0					0,0012288	1,28	
			0,001229	0					0,001229	1,28	
			0,0012292	0					0,0012292	1,28	
			0,0012294	0					0,0012294	1,28	
			0,0012296	0					0,0012296	1,28	
			0,0012298	0					0,0012298	1,28	
			0,00123	0					0,00123	1,28	
			0,0012302	0					0,0012302	1,28	
			0,0012304	0					0,0012304	1,28	
			0,0012306	0					0,0012306	1,28	
			0,0012308	0					0,0012308	1,28	
			0,001231	0					0,001231	1,28	
			0,0012312	0					0,0012312	1,28	
			0,0012314	0					0,0012314	1,28	
			0,0012316	0					0,0012316	1,28	
			0,0012318	0					0,0012318	1,28	
			0,001232	0					0,001232	1,28	
			0,0012322	0					0,0012322	1,28	
			0,0012324	0					0,0012324	1,28	
			0,0012326	0					0,0012326	1,28	
			0,0012328	0					0,0012328	1,28	
			0,001233	0					0,001233	1,28	
			0,0012332	0					0,0012332	1,28	
			0,0012334	0					0,0012334	1,28	
			0,0012336	0					0,0012336	1,28	
			0,0012338	0					0,0012338	1,28	
			0,001234	0					0,001234	1,28	
			0,0012342	0					0,0012342	1,28	
			0,0012344	0					0,0012344	1,28	
			0,0012346	0					0,0012346	1,28	
			0,0012348	0					0,0012348	1,28	
			0,001235	0					0,001235	1,28	
			0,0012352	0					0,0012352	1,28	
			0,0012354	0					0,0012354	1,28	
			0,0012356	0					0,0012356	1,28	
			0,0012358	0					0,0012358	1,28	
			0,001236	0					0,001236	1,28	
			0,0012362	0					0,0012362	1,28	
			0,0012364	0					0,0012364	1,28	
			0,0012366	0					0,0012366	1,28	
			0,0012368	0					0,0012368	1,28	
			0,001237	0					0,001237	1,28	
			0,0012372	0					0,0012372	1,28	
			0,0012374	0					0,0012374	1,28	
			0,0012376	0					0,0012376	1,28	
			0,0012378	0					0,0012378	1,28	
			0,001238	0					0,001238	1,28	
			0,0012382	0					0,0012382	1,28	
			0,0012384	0					0,0012384	1,28	
			0,0012386	0					0,0012386	1,28	
			0,0012388	0					0,0012388	1,28	
			0,001239	0					0,001239	1,28	
			0,0012392	0					0,0012392	1,28	
			0,0012394	0					0,0012394	1,28	
			0,0012396	0					0,0012396	1,28	
			0,0012398	0					0,0012398	1,28	
			0,00124	0					0,00124	1,28	
			0,0012402	0					0,0012402	1,28	
			0,0012404	0					0,0012404	1,28	
			0,0012406	0					0,0012406	1,28	
			0,0012408	0					0,0012408	1,28	
			0,001241	0					0,001241	1,28	
			0,0012412	0					0,0012412	1,28	
			0,0012414	0					0,0012414	1,28	
			0,0012416	0					0,0012416	1,28	
			0,0012418	0					0,0012418	1,28	
			0,001242	0					0,001242	1,28	
			0,0012422	0					0,0012422	1,28	
			0,0012424	0					0,0012424	1,28	
			0,0012426	0					0,0012426	1,28	
			0,0012428	0					0,0012428	1,28	
			0,001243	0					0,001243	1,28	
			0,0012432	0					0,0012432	1,28	
			0,0012434	0					0,0012434	1,28	
			0,0012436	0					0,0012436	1,28	
			0,0012438	0					0,0012438	1,28	
			0,001244	0					0,001244	1,28	
			0,0012442	0					0,0012442	1,28	
			0,0012444	0					0,0012444	1,28	
			0,0012446	0					0,0012446	1,28	
			0,0012448	0					0,0012448	1,28	
			0,001245	0					0,001245	1,28	
			0,0012452	0					0,0012452	1,28	
			0,0012454	0					0,0012454	1,28	
			0,0012456	0					0,0012456	1,28	
			0,0012458	0					0,0012458	1,28	
			0,001246	0					0,001246	1,28	
			0,0012462	0					0,0012462	1,28	
			0,0012464	0					0,0012464	1,28	
			0,0012466	0					0,0012466	1,28	
			0,0012468	0					0,0012468	1,28	
			0,001247	0					0,001247	1,28	
			0,0012472	0					0,0012472	1,28	
			0,0012474	0					0,0012474	1,28	
			0,0012476	0					0,0012476	1,28	
			0,0012478	0					0,0012478	1,28	
			0,001248	0					0,001248	1,28	
			0,0012482	0					0,0012482	1,28	
			0,0012484	0					0,0012484	1,28	
			0,0012486	0					0,0012486	1,28	
			0,0012488	0					0,0012488	1,28	
			0,001249	0					0,001249	1,28	
			0,0012492	0					0,0012492	1,28	
			0,0012494	0					0,0012494	1,28	
			0,0012496	0					0,0012496	1,28	
			0,0012498	0					0,0012498	1,28	
			0,00125	0					0,00125	1,28	
			0,0012502	0					0,0012502	1,28	
			0,0012504	0					0,0012504	1,28	
			0,0012506	0					0,0012506	1,28	
			0,0012508	0					0,0012508	1,28	
			0,001251	0					0,001251	1,28	
			0,0012512	0					0,0012512	1,28	
			0,0012514	0					0,0012514	1,28	
			0,0012516	0					0,0012516	1,28	
			0,0012518	0					0,0012518	1,28	
			0,001252	0					0,001252	1,28	
			0,0012522	0					0,0012522	1,28	
			0,0012524	0					0,0012524	1,28	
			0,0012526	0					0,0012526	1,28	
			0,0012528	0					0,0012528	1,28	
			0,001253	0					0,001253	1,28	
			0,0012532	0					0,0012532	1,28	
			0,0012534	0					0,0012534	1,28	
			0,0012536	0					0,0012536	1,28	
			0,0012538	0					0,0012538	1,28	
			0,001254	0					0,001254	1,28	
			0,0012542	0					0,0012542	1,28	
			0,0012544	0					0,0012544	1,28	
			0,0012546	0					0,0012546	1,28	
			0,0012548	0					0,0012548	1,28	
			0,001255	0					0,001255	1,28	
			0,0012552	0					0,0012552	1,28	
			0,0012554	0					0,0012554	1,28	
			0,0012556	0					0,0012556	1,28	
			0,0012558	0					0,0012558	1,28	
			0,001256	0					0,001256	1,28	
			0,0012562	0					0,0012562	1,28	
			0,0012564	0					0,0012564	1,28	
			0,0012566	0					0,0012566	1,28	
			0,0012568	0					0,0012568	1,28	
			0,001257	0					0,001257	1,28	
			0,0012572	0					0,0012572	1,28	
			0,0012574	0					0,0012574	1,28	
			0,0012576	0					0,0012576	1,28	
			0,0012578	0					0,0012578	1,28	
			0,001258	0					0,001258	1,28	
			0,0012582	0					0,0012582	1,28	
			0,0012584	0					0,0012584	1,28	
			0,0012586	0					0,0012586	1,28	
			0,0012588	0					0,0012588	1,28	
			0,001259	0					0,001259	1,28	
			0,0012592	0					0,0012592	1,28	
			0,0012594	0					0,0012594	1,28	
			0,0012596	0					0,0012596	1,28	
			0,0012598	0					0,0012598	1,28	
			0,00126	0					0,00126	1,28	
			0,0012602	0					0,0012602	1,28	
			0,0012604	0					0,0012604	1,28	
			0,0012606	0					0,0012606	1,28	
			0,0012608	0					0,0012608	1,28	
			0,001261	0					0,001261	1,28	
			0,0012612	0					0,0012612	1,28	
			0,0012614	0					0,0012614	1,28	
			0,0012616	0					0,0012616	1,28	
			0,0012618	0					0,0012618	1,28	
			0,001262	0					0,001262	1,28	
			0,0012622	0					0,0012622	1,28	
			0,0012624	0					0,0012624	1,28	
			0,0012626	0					0,0012626	1,28	
			0,0012628	0					0,0012628	1,28	
			0,001263	0					0,001263	1,28	
			0,0012632	0					0,0012632	1,28	
			0,0012634	0					0,0012634	1,28	
			0,0012636	0					0,0012636	1,28	
			0,0012638	0					0,0012638	1,28	
			0,001264	0					0,001264	1,28	
			0,0012642	0					0,0012642	1,28	
			0,0012644	0					0,0012644	1,28	
			0,0012646	0					0,0012646	1,28	
			0,0012648	0					0,0012648	1,28	
			0,001265	0					0,001265	1,28	
			0,0012652	0					0,0012652	1,28	
			0,0012654	0					0,0012654	1,28	
			0,0012656	0					0,0012656	1,28	
			0,0012658	0					0,0012658	1,28	
			0,001266	0					0,001266	1,28	
			0,0012662	0					0,0012662	1,28	
			0,0012664	0					0,0012664	1,28	
			0,0012666	0					0,0012666	1,24	
			0,0012668	0					0,0012668	1,24	
			0,001267	0					0,001267	1,24	
			0,0012672	0					0,0012672	1,28	
			0,0012674	0					0,0012674	1,28	
			0,0012676	0					0,0012676	1,28	
			0,0012678	0					0,0012678	1,28	
			0,001268	0					0,001268	1,28	
			0,0012682	0					0,0012682	1,28	
			0,0012684	0					0,0012684	1,28	
			0,0012686	0					0,0012686	1,28	
			0,0012688	0					0,0012688	1,28	
			0,001269	0					0,001269	1,28	
			0,0012692	0					0,0012692	1,28	
			0,0012694	0					0,0012694	1,28	
			0,0012696	0					0,0012696	1,24	
			0,0012698	0,04					0,0012698	1,28	
			0,00127	0,04					0,00127	1,24	
			0,0012702	0,04					0,0012702	1,24	
			0,0012704	0,04					0,0012704	1,24	
			0,0012706	0,04					0,0012706	1,24	
			0,0012708	0					0,0012708	1,28	
			0,001271	0					0,001271	1,24	
			0,0012712	0,04					0,0012712	1,28	
			0,0012714	0					0,0012714	1,24	
			0,0012716	0					0,0012716	1,28	
			0,0012718	0					0,0012718	1,28	
			0,001272	0,04					0,001272	1,28	
			0,0012722	0					0,0012722	1,28	
			0,0012724	0					0,0012724	1,24	
			0,0012726	0					0,0012726	1,24	
			0,0012728	0					0,0012728	1,24	
			0,001273	0					0,001273	1,24	
			0,0012732	0					0,0012732	1,24	
			0,0012734	0					0,0012734	1,24	
			0,0012736	0,04					0,0012736	1,24	
			0,0012738	0,04					0,0012738	1,28	
